# x [cm], ne [cm-3], Z, T [eV], gradT, cLogei, Knx, Qlocx [W/cm2], Qx [W/cm2]
0, 4.65917e+20, 1.99918, 2550.78, 0, 1.9, 0, -0, 1.76576e+08
0.000187962, 4.65917e+20, 1.99918, 2550.78, 0, 1.9, 0, -0, 3.63737e+10
0.000375925, 4.65917e+20, 1.99918, 2550.78, 0, 1.9, 0, -0, 7.279e+10
0.000563887, 4.65917e+20, 1.99918, 2550.78, 0, 1.9, 0, -0, 1.09741e+11
0.00075185, 4.65917e+20, 1.99918, 2550.78, 0, 1.9, 0, -0, 1.45739e+11
0.000939812, 4.65917e+20, 1.99918, 2550.78, 0, 1.9, 0, -0, 1.7961e+11
0.00112777, 4.65917e+20, 1.99918, 2550.78, 0, 1.9, 0, -0, 2.19704e+11
0.00131574, 4.65899e+20, 1.99918, 2550.78, -31.6769, 1.9, -0.000202279, 1.29672e+12, 2.53481e+11
0.0015037, 4.65878e+20, 1.99918, 2550.77, -33.7851, 1.9, -0.00021575, 1.38301e+12, 2.91815e+11
0.00169166, 4.6586e+20, 1.99918, 2550.77, -35.8513, 1.9, -0.000228953, 1.46758e+12, 3.27136e+11
0.00187962, 4.65845e+20, 1.99918, 2550.76, -37.8753, 1.9, -0.000241886, 1.55042e+12, 3.58908e+11
0.00206759, 4.65832e+20, 1.99918, 2550.75, -39.8572, 1.9, -0.00025455, 1.63154e+12, 3.98923e+11
0.00225555, 4.65822e+20, 1.99918, 2550.74, -41.797, 1.9, -0.000266943, 1.71093e+12, 4.34892e+11
0.00244351, 4.65814e+20, 1.99918, 2550.74, -43.6947, 1.9, -0.000279067, 1.7886e+12, 4.6955e+11
0.00263147, 4.65809e+20, 1.99918, 2550.73, -45.5502, 1.9, -0.00029092, 1.86454e+12, 5.0707e+11
0.00281944, 4.65806e+20, 1.99918, 2550.72, -47.3637, 1.9, -0.000302503, 1.93875e+12, 5.47458e+11
0.0030074, 4.65806e+20, 1.99919, 2550.71, -49.135, 1.9, -0.000313815, 2.01124e+12, 5.7578e+11
0.00319536, 4.65808e+20, 1.99919, 2550.7, -50.8642, 1.9, -0.000324856, 2.082e+12, 6.11619e+11
0.00338332, 4.65812e+20, 1.99919, 2550.69, -52.5513, 1.9, -0.000335627, 2.15104e+12, 6.49733e+11
0.00357129, 4.65819e+20, 1.99919, 2550.68, -54.1963, 1.9, -0.000346126, 2.21835e+12, 6.83732e+11
0.00375925, 4.65828e+20, 1.99919, 2550.67, -55.8001, 1.9, -0.000356361, 2.28397e+12, 7.2182e+11
0.00394721, 4.65839e+20, 1.99919, 2550.66, -57.3608, 1.9, -0.000366318, 2.34783e+12, 7.55494e+11
0.00413517, 4.65852e+20, 1.99919, 2550.65, -58.8793, 1.9, -0.000376003, 2.40996e+12, 7.90946e+11
0.00432314, 4.65868e+20, 1.99919, 2550.64, -60.3558, 1.9, -0.000385417, 2.47037e+12, 8.26633e+11
0.0045111, 4.65886e+20, 1.99919, 2550.63, -61.7902, 1.9, -0.00039456, 2.52905e+12, 8.63959e+11
0.00469906, 4.65905e+20, 1.99919, 2550.62, -63.1824, 1.9, -0.000403431, 2.586e+12, 8.95947e+11
0.00488702, 4.65927e+20, 1.99919, 2550.6, -64.5325, 1.9, -0.000412031, 2.64123e+12, 9.35585e+11
0.00507499, 4.65951e+20, 1.99919, 2550.59, -65.8405, 1.9, -0.000420359, 2.69473e+12, 9.70153e+11
0.00526295, 4.65977e+20, 1.99919, 2550.58, -67.1064, 1.9, -0.000428415, 2.74651e+12, 1.00277e+12
0.00545091, 4.66005e+20, 1.99919, 2550.57, -68.3301, 1.9, -0.000436199, 2.79656e+12, 1.04163e+12
0.00563887, 4.66034e+20, 1.99919, 2550.55, -69.5118, 1.9, -0.000443712, 2.84488e+12, 1.0726e+12
0.00582684, 4.66066e+20, 1.99919, 2550.54, -70.6514, 1.9, -0.000450954, 2.89148e+12, 1.11214e+12
0.0060148, 4.66099e+20, 1.99919, 2550.53, -71.7732, 1.9, -0.000458079, 2.93736e+12, 1.14713e+12
0.00620276, 4.66134e+20, 1.99919, 2550.51, -72.9, 1.9, -0.000465233, 2.98343e+12, 1.18114e+12
0.00639072, 4.66171e+20, 1.99919, 2550.5, -74.0319, 1.9, -0.000472417, 3.02971e+12, 1.21702e+12
0.00657869, 4.66209e+20, 1.99919, 2550.48, -75.1688, 1.9, -0.000479629, 3.0762e+12, 1.25244e+12
0.00676665, 4.66249e+20, 1.99918, 2550.47, -76.3107, 1.9, -0.000486871, 3.12289e+12, 1.2871e+12
0.00695461, 4.66291e+20, 1.99918, 2550.46, -77.4577, 1.9, -0.000494142, 3.16978e+12, 1.32289e+12
0.00714257, 4.66335e+20, 1.99918, 2550.44, -78.6097, 1.9, -0.000501441, 3.21688e+12, 1.35958e+12
0.00733054, 4.6638e+20, 1.99918, 2550.43, -79.7667, 1.9, -0.00050877, 3.26418e+12, 1.39344e+12
0.0075185, 4.66426e+20, 1.99918, 2550.41, -80.9294, 1.9, -0.000516131, 3.31171e+12, 1.43111e+12
0.00770646, 4.66474e+20, 1.99918, 2550.4, -82.0965, 1.9, -0.000523518, 3.35942e+12, 1.46402e+12
0.00789442, 4.66523e+20, 1.99918, 2550.38, -83.2686, 1.9, -0.000530933, 3.40733e+12, 1.50009e+12
0.00808239, 4.66574e+20, 1.99918, 2550.36, -84.4458, 1.9, -0.000538376, 3.45544e+12, 1.53675e+12
0.00827035, 4.66626e+20, 1.99918, 2550.35, -85.6317, 1.9, -0.000545872, 3.50391e+12, 1.57146e+12
0.00845831, 4.6668e+20, 1.99918, 2550.33, -86.8387, 1.9, -0.0005535, 3.55325e+12, 1.60824e+12
0.00864627, 4.66734e+20, 1.99918, 2550.32, -88.0679, 1.9, -0.000561266, 3.60349e+12, 1.64284e+12
0.00883424, 4.6679e+20, 1.99918, 2550.3, -89.3193, 1.9, -0.000569169, 3.65463e+12, 1.67878e+12
0.0090222, 4.66848e+20, 1.99918, 2550.28, -90.5929, 1.9, -0.00057721, 3.70668e+12, 1.71423e+12
0.00921016, 4.66906e+20, 1.99918, 2550.27, -91.8887, 1.9, -0.000585389, 3.75964e+12, 1.74978e+12
0.00939812, 4.66965e+20, 1.99918, 2550.25, -93.2067, 1.9, -0.000593706, 3.8135e+12, 1.78561e+12
0.00958609, 4.67026e+20, 1.99918, 2550.23, -94.5469, 1.9, -0.00060216, 3.86826e+12, 1.82127e+12
0.00977405, 4.67088e+20, 1.99918, 2550.21, -95.9092, 1.9, -0.000610752, 3.92393e+12, 1.85689e+12
0.00996201, 4.6715e+20, 1.99918, 2550.19, -97.2938, 1.9, -0.000619481, 3.98051e+12, 1.8931e+12
0.01015, 4.67214e+20, 1.99918, 2550.18, -98.7005, 1.9, -0.000628348, 4.03799e+12, 1.92823e+12
0.0103379, 4.67279e+20, 1.99918, 2550.16, -100.129, 1.9, -0.000637352, 4.09637e+12, 1.96464e+12
0.0105259, 4.67344e+20, 1.99918, 2550.14, -101.581, 1.9, -0.000646496, 4.15568e+12, 2.00054e+12
0.0107139, 4.67411e+20, 1.99918, 2550.12, -103.064, 1.9, -0.000655838, 4.21628e+12, 2.03632e+12
0.0109018, 4.67478e+20, 1.99918, 2550.1, -104.582, 1.9, -0.000665398, 4.27831e+12, 2.07349e+12
0.0110898, 4.67546e+20, 1.99918, 2550.08, -106.136, 1.9, -0.00067518, 4.34179e+12, 2.10804e+12
0.0112777, 4.67615e+20, 1.99918, 2550.06, -107.724, 1.9, -0.000685174, 4.40665e+12, 2.14455e+12
0.0114657, 4.67684e+20, 1.99918, 2550.04, -109.346, 1.9, -0.000695384, 4.47293e+12, 2.17974e+12
0.0116537, 4.67754e+20, 1.99918, 2550.02, -111.004, 1.9, -0.000705812, 4.54062e+12, 2.21613e+12
0.0118416, 4.67825e+20, 1.99918, 2550, -112.696, 1.9, -0.000716456, 4.60974e+12, 2.25312e+12
0.0120296, 4.67897e+20, 1.99918, 2549.98, -114.422, 1.9, -0.000727317, 4.68028e+12, 2.28725e+12
0.0122176, 4.67969e+20, 1.99918, 2549.95, -116.184, 1.9, -0.000738394, 4.75223e+12, 2.32537e+12
0.0124055, 4.68041e+20, 1.99918, 2549.93, -117.98, 1.9, -0.000749688, 4.8256e+12, 2.3603e+12
0.0125935, 4.68114e+20, 1.99918, 2549.91, -119.811, 1.9, -0.000761198, 4.90039e+12, 2.39611e+12
0.0127814, 4.68188e+20, 1.99918, 2549.89, -121.677, 1.9, -0.000772924, 4.9766e+12, 2.43435e+12
0.0129694, 4.68262e+20, 1.99918, 2549.86, -123.579, 1.9, -0.000784871, 5.05425e+12, 2.46695e+12
0.0131574, 4.68336e+20, 1.99918, 2549.84, -125.516, 1.9, -0.000797044, 5.13338e+12, 2.50622e+12
0.0133453, 4.6841e+20, 1.99918, 2549.82, -127.49, 1.9, -0.000809442, 5.21398e+12, 2.53953e+12
0.0135333, 4.68485e+20, 1.99918, 2549.79, -129.5, 1.9, -0.000822066, 5.29607e+12, 2.57628e+12
0.0137213, 4.6856e+20, 1.99918, 2549.77, -131.547, 1.9, -0.000834915, 5.37963e+12, 2.61524e+12
0.0139092, 4.68636e+20, 1.99918, 2549.74, -133.63, 1.9, -0.000847989, 5.46467e+12, 2.64782e+12
0.0140972, 4.68711e+20, 1.99918, 2549.72, -135.749, 1.9, -0.000861288, 5.55119e+12, 2.68753e+12
0.0142851, 4.68787e+20, 1.99918, 2549.69, -137.904, 1.9, -0.000874813, 5.63919e+12, 2.72152e+12
0.0144731, 4.68863e+20, 1.99918, 2549.67, -140.096, 1.9, -0.000888563, 5.72866e+12, 2.7576e+12
0.0146611, 4.68939e+20, 1.99918, 2549.64, -142.323, 1.9, -0.000902538, 5.81961e+12, 2.79565e+12
0.014849, 4.69015e+20, 1.99918, 2549.61, -144.589, 1.9, -0.000916746, 5.91209e+12, 2.8302e+12
0.015037, 4.69091e+20, 1.99918, 2549.59, -146.89, 1.9, -0.000931171, 6.006e+12, 2.86824e+12
0.015225, 4.69168e+20, 1.99918, 2549.56, -149.227, 1.9, -0.000945826, 6.10141e+12, 2.90377e+12
0.0154129, 4.69244e+20, 1.99918, 2549.53, -151.606, 1.9, -0.000960734, 6.19848e+12, 2.9398e+12
0.0156009, 4.6932e+20, 1.99918, 2549.5, -154.025, 1.9, -0.000975898, 6.29723e+12, 2.97624e+12
0.0157888, 4.69396e+20, 1.99918, 2549.47, -156.486, 1.9, -0.000991319, 6.39766e+12, 3.0129e+12
0.0159768, 4.69471e+20, 1.99918, 2549.44, -158.988, 1.9, -0.001007, 6.49977e+12, 3.04876e+12
0.0161648, 4.69547e+20, 1.99918, 2549.41, -161.532, 1.9, -0.00102293, 6.60355e+12, 3.0854e+12
0.0163527, 4.69622e+20, 1.99918, 2549.38, -164.116, 1.9, -0.00103912, 6.70902e+12, 3.12168e+12
0.0165407, 4.69697e+20, 1.99918, 2549.35, -166.742, 1.9, -0.00105556, 6.81615e+12, 3.15744e+12
0.0167287, 4.69771e+20, 1.99918, 2549.32, -169.409, 1.9, -0.00107226, 6.92497e+12, 3.19553e+12
0.0169166, 4.69845e+20, 1.99918, 2549.29, -172.118, 1.9, -0.00108922, 7.03546e+12, 3.23072e+12
0.0171046, 4.69918e+20, 1.99918, 2549.25, -174.867, 1.9, -0.00110644, 7.14762e+12, 3.26824e+12
0.0172925, 4.6999e+20, 1.99918, 2549.22, -177.658, 1.9, -0.00112391, 7.26147e+12, 3.3047e+12
0.0174805, 4.70062e+20, 1.99918, 2549.19, -180.49, 1.9, -0.00114163, 7.37695e+12, 3.3393e+12
0.0176685, 4.70134e+20, 1.99918, 2549.15, -183.337, 1.9, -0.00115945, 7.49306e+12, 3.37926e+12
0.0178564, 4.70204e+20, 1.99918, 2549.12, -186.188, 1.9, -0.00117729, 7.60934e+12, 3.41288e+12
0.0180444, 4.70274e+20, 1.99918, 2549.08, -189.044, 1.9, -0.00119515, 7.72578e+12, 3.45195e+12
0.0182324, 4.70343e+20, 1.99918, 2549.05, -191.903, 1.9, -0.00121303, 7.84238e+12, 3.48841e+12
0.0184203, 4.70412e+20, 1.99918, 2549.01, -194.769, 1.9, -0.00123095, 7.95921e+12, 3.5202e+12
0.0186083, 4.7048e+20, 1.99918, 2548.97, -197.638, 1.9, -0.00124888, 8.07613e+12, 3.56278e+12
0.0187962, 4.70548e+20, 1.99918, 2548.94, -200.51, 1.9, -0.00126683, 8.19321e+12, 3.59237e+12
0.0189842, 4.70615e+20, 1.99918, 2548.9, -203.387, 1.9, -0.0012848, 8.31045e+12, 3.63272e+12
0.0191722, 4.70682e+20, 1.99918, 2548.86, -206.268, 1.9, -0.0013028, 8.42785e+12, 3.66887e+12
0.0193601, 4.70749e+20, 1.99918, 2548.82, -209.153, 1.9, -0.00132081, 8.54542e+12, 3.70072e+12
0.0195481, 4.70815e+20, 1.99918, 2548.78, -212.043, 1.9, -0.00133885, 8.66314e+12, 3.7439e+12
0.0197361, 4.70881e+20, 1.99918, 2548.74, -214.936, 1.9, -0.00135691, 8.78102e+12, 3.77693e+12
0.019924, 4.70947e+20, 1.99918, 2548.7, -217.825, 1.9, -0.00137493, 8.89865e+12, 3.8204e+12
0.020112, 4.71013e+20, 1.99918, 2548.66, -220.692, 1.9, -0.00139281, 9.01544e+12, 3.85404e+12
0.0202999, 4.71079e+20, 1.99918, 2548.62, -223.539, 1.9, -0.00141056, 9.13138e+12, 3.88649e+12
0.0204879, 4.71144e+20, 1.99918, 2548.58, -226.366, 1.9, -0.00142817, 9.24646e+12, 3.92778e+12
0.0206759, 4.7121e+20, 1.99918, 2548.53, -229.172, 1.9, -0.00144565, 9.36068e+12, 3.95845e+12
0.0208638, 4.71276e+20, 1.99918, 2548.49, -231.957, 1.9, -0.00146299, 9.47405e+12, 3.99865e+12
0.0210518, 4.71342e+20, 1.99918, 2548.45, -234.722, 1.9, -0.0014802, 9.58656e+12, 4.0353e+12
0.0212398, 4.71409e+20, 1.99918, 2548.4, -237.466, 1.9, -0.00149726, 9.69822e+12, 4.07199e+12
0.0214277, 4.71476e+20, 1.99918, 2548.36, -240.19, 1.9, -0.0015142, 9.80902e+12, 4.10791e+12
0.0216157, 4.71544e+20, 1.99918, 2548.31, -242.893, 1.9, -0.00153099, 9.91897e+12, 4.14491e+12
0.0218036, 4.71612e+20, 1.99918, 2548.26, -245.575, 1.9, -0.00154765, 1.00281e+13, 4.17867e+12
0.0219916, 4.7168e+20, 1.99918, 2548.22, -248.238, 1.9, -0.00156417, 1.01363e+13, 4.21747e+12
0.0221796, 4.7175e+20, 1.99918, 2548.17, -250.885, 1.9, -0.00158059, 1.02439e+13, 4.25529e+12
0.0223675, 4.7182e+20, 1.99918, 2548.12, -253.53, 1.9, -0.00159698, 1.03515e+13, 4.28875e+12
0.0225555, 4.71891e+20, 1.99918, 2548.08, -256.176, 1.9, -0.00161338, 1.0459e+13, 4.32934e+12
0.0227435, 4.71962e+20, 1.99918, 2548.03, -258.822, 1.9, -0.00162977, 1.05665e+13, 4.36427e+12
0.0229314, 4.72035e+20, 1.99918, 2547.98, -261.469, 1.9, -0.00164615, 1.06741e+13, 4.40122e+12
0.0231194, 4.72107e+20, 1.99918, 2547.93, -264.117, 1.9, -0.00166253, 1.07817e+13, 4.436e+12
0.0233073, 4.72181e+20, 1.99918, 2547.88, -266.765, 1.9, -0.00167891, 1.08892e+13, 4.47544e+12
0.0234953, 4.72255e+20, 1.99918, 2547.83, -269.414, 1.9, -0.00169528, 1.09968e+13, 4.50812e+12
0.0236833, 4.72329e+20, 1.99918, 2547.78, -272.064, 1.9, -0.00171165, 1.11044e+13, 4.54841e+12
0.0238712, 4.72404e+20, 1.99918, 2547.73, -274.714, 1.9, -0.00172801, 1.1212e+13, 4.5857e+12
0.0240592, 4.7248e+20, 1.99918, 2547.67, -277.365, 1.9, -0.00174437, 1.13196e+13, 4.62003e+12
0.0242472, 4.72556e+20, 1.99918, 2547.62, -280.016, 1.9, -0.00176073, 1.14272e+13, 4.65938e+12
0.0244351, 4.72632e+20, 1.99918, 2547.57, -282.667, 1.9, -0.00177707, 1.15348e+13, 4.69293e+12
0.0246231, 4.72709e+20, 1.99918, 2547.52, -285.309, 1.9, -0.00179335, 1.1642e+13, 4.73271e+12
0.024811, 4.72786e+20, 1.99918, 2547.46, -287.94, 1.9, -0.00180955, 1.17488e+13, 4.77007e+12
0.024999, 4.72864e+20, 1.99918, 2547.41, -290.56, 1.9, -0.00182568, 1.1855e+13, 4.80231e+12
0.025187, 4.72942e+20, 1.99918, 2547.35, -293.17, 1.9, -0.00184174, 1.19609e+13, 4.84482e+12
0.0253749, 4.73021e+20, 1.99918, 2547.3, -295.77, 1.9, -0.00185772, 1.20663e+13, 4.87661e+12
0.0255629, 4.731e+20, 1.99918, 2547.24, -298.359, 1.9, -0.00187362, 1.21712e+13, 4.91693e+12
0.0257509, 4.7318e+20, 1.99918, 2547.19, -300.938, 1.9, -0.00188947, 1.22758e+13, 4.95452e+12
0.0259388, 4.73259e+20, 1.99918, 2547.13, -303.506, 1.9, -0.00190522, 1.23798e+13, 4.98452e+12
0.0261268, 4.7334e+20, 1.99918, 2547.07, -306.063, 1.9, -0.0019209, 1.24834e+13, 5.0304e+12
0.0263147, 4.73421e+20, 1.99918, 2547.01, -308.609, 1.9, -0.00193651, 1.25866e+13, 5.06056e+12
0.0265027, 4.73502e+20, 1.99918, 2546.96, -311.145, 1.9, -0.00195204, 1.26893e+13, 5.1022e+12
0.0266907, 4.73583e+20, 1.99918, 2546.9, -313.67, 1.9, -0.0019675, 1.27915e+13, 5.14022e+12
0.0268786, 4.73666e+20, 1.99918, 2546.84, -316.185, 1.9, -0.00198289, 1.28933e+13, 5.16781e+12
0.0270666, 4.73748e+20, 1.99918, 2546.78, -318.69, 1.9, -0.0019982, 1.29947e+13, 5.21742e+12
0.0272546, 4.73831e+20, 1.99918, 2546.72, -321.185, 1.9, -0.00201344, 1.30957e+13, 5.2441e+12
0.0274425, 4.73914e+20, 1.99918, 2546.66, -323.67, 1.9, -0.00202861, 1.31962e+13, 5.29098e+12
0.0276305, 4.73998e+20, 1.99918, 2546.6, -326.145, 1.9, -0.00204371, 1.32963e+13, 5.32948e+12
0.0278184, 4.74083e+20, 1.99918, 2546.53, -328.609, 1.9, -0.00205874, 1.3396e+13, 5.34694e+12
0.0280064, 4.74167e+20, 1.99918, 2546.47, -331.064, 1.9, -0.0020737, 1.34952e+13, 5.40843e+12
0.0281944, 4.74252e+20, 1.99918, 2546.41, -333.508, 1.9, -0.00208859, 1.3594e+13, 5.42673e+12
0.0283823, 4.74338e+20, 1.99918, 2546.35, -335.943, 1.9, -0.0021034, 1.36924e+13, 5.47518e+12
0.0285703, 4.74423e+20, 1.99918, 2546.28, -338.367, 1.9, -0.00211814, 1.37904e+13, 5.51813e+12
0.0287583, 4.7451e+20, 1.99918, 2546.22, -340.781, 1.9, -0.00213282, 1.38879e+13, 5.52642e+12
0.0289462, 4.74596e+20, 1.99918, 2546.16, -343.185, 1.9, -0.00214742, 1.3985e+13, 5.59581e+12
0.0291342, 4.74683e+20, 1.99918, 2546.09, -345.579, 1.9, -0.00216195, 1.40816e+13, 5.61289e+12
0.0293221, 4.74771e+20, 1.99918, 2546.03, -347.965, 1.9, -0.00217641, 1.41779e+13, 5.66305e+12
0.0295101, 4.74858e+20, 1.99918, 2545.96, -350.338, 1.9, -0.0021908, 1.42737e+13, 5.709e+12
0.0296981, 4.74946e+20, 1.99918, 2545.89, -352.701, 1.9, -0.00220511, 1.43691e+13, 5.71268e+12
0.029886, 4.75035e+20, 1.99918, 2545.83, -355.055, 1.9, -0.00221935, 1.4464e+13, 5.7912e+12
0.030074, 4.75124e+20, 1.99918, 2545.76, -357.397, 1.9, -0.00223352, 1.45585e+13, 5.79772e+12
0.030262, 4.75213e+20, 1.99918, 2545.69, -359.73, 1.9, -0.00224761, 1.46525e+13, 5.85217e+12
0.0304499, 4.75302e+20, 1.99918, 2545.63, -362.052, 1.9, -0.00226164, 1.47461e+13, 5.89883e+12
0.0306379, 4.75392e+20, 1.99918, 2545.56, -364.364, 1.9, -0.00227559, 1.48393e+13, 5.88208e+12
0.0308258, 4.75482e+20, 1.99918, 2545.49, -366.666, 1.9, -0.00228947, 1.49321e+13, 5.9791e+12
0.0310138, 4.75572e+20, 1.99918, 2545.42, -368.958, 1.9, -0.00230328, 1.50244e+13, 5.98242e+12
0.0312018, 4.75663e+20, 1.99918, 2545.35, -371.239, 1.9, -0.00231701, 1.51162e+13, 6.04225e+12
0.0313897, 4.75754e+20, 1.99918, 2545.28, -373.511, 1.9, -0.00233068, 1.52077e+13, 6.08746e+12
0.0315777, 4.75846e+20, 1.99918, 2545.21, -375.773, 1.9, -0.00234428, 1.52987e+13, 6.071e+12
0.0317657, 4.75937e+20, 1.99918, 2545.14, -378.025, 1.9, -0.00235781, 1.53894e+13, 6.17211e+12
0.0319536, 4.76029e+20, 1.99918, 2545.07, -380.269, 1.9, -0.00237128, 1.54796e+13, 6.16951e+12
0.0321416, 4.76122e+20, 1.99918, 2545, -382.502, 1.9, -0.00238468, 1.55694e+13, 6.23183e+12
0.0323295, 4.76214e+20, 1.99918, 2544.92, -384.726, 1.9, -0.00239801, 1.56588e+13, 6.28113e+12
0.0325175, 4.76307e+20, 1.99918, 2544.85, -386.941, 1.9, -0.00241128, 1.57479e+13, 6.24775e+12
0.0327055, 4.764e+20, 1.99918, 2544.78, -389.147, 1.9, -0.00242448, 1.58365e+13, 6.3605e+12
0.0328934, 4.76494e+20, 1.99918, 2544.7, -391.342, 1.9, -0.00243761, 1.59247e+13, 6.35525e+12
0.0330814, 4.76588e+20, 1.99918, 2544.63, -393.53, 1.9, -0.00245068, 1.60126e+13, 6.4209e+12
0.0332694, 4.76682e+20, 1.99918, 2544.56, -395.707, 1.9, -0.00246368, 1.61e+13, 6.47131e+12
0.0334573, 4.76777e+20, 1.99918, 2544.48, -397.874, 1.9, -0.00247661, 1.6187e+13, 6.44511e+12
0.0336453, 4.76871e+20, 1.99918, 2544.41, -400.035, 1.9, -0.00248949, 1.62737e+13, 6.55255e+12
0.0338332, 4.76966e+20, 1.99918, 2544.33, -402.195, 1.9, -0.00250236, 1.63603e+13, 6.54659e+12
0.0340212, 4.77062e+20, 1.99918, 2544.26, -404.354, 1.9, -0.00251521, 1.64469e+13, 6.604e+12
0.0342092, 4.77157e+20, 1.99918, 2544.18, -406.512, 1.9, -0.00252806, 1.65335e+13, 6.66381e+12
0.0343971, 4.77253e+20, 1.99918, 2544.1, -408.67, 1.9, -0.00254089, 1.662e+13, 6.62363e+12
0.0345851, 4.77349e+20, 1.99918, 2544.03, -410.827, 1.9, -0.00255371, 1.67064e+13, 6.73387e+12
0.0347731, 4.77445e+20, 1.99918, 2543.95, -412.984, 1.9, -0.00256652, 1.67929e+13, 6.73571e+12
0.034961, 4.77542e+20, 1.99917, 2543.87, -415.14, 1.9, -0.00257932, 1.68792e+13, 6.79321e+12
0.035149, 4.77638e+20, 1.99917, 2543.79, -417.295, 1.9, -0.00259211, 1.69656e+13, 6.84668e+12
0.0353369, 4.77735e+20, 1.99917, 2543.71, -419.45, 1.9, -0.00260488, 1.70519e+13, 6.82983e+12
0.0355249, 4.77832e+20, 1.99917, 2543.63, -421.604, 1.9, -0.00261765, 1.71381e+13, 6.91815e+12
0.0357129, 4.77929e+20, 1.99917, 2543.56, -423.758, 1.9, -0.0026304, 1.72243e+13, 6.93116e+12
0.0359008, 4.78026e+20, 1.99917, 2543.48, -425.909, 1.9, -0.00264314, 1.73104e+13, 6.97929e+12
0.0360888, 4.78123e+20, 1.99917, 2543.4, -428.052, 1.9, -0.00265582, 1.73961e+13, 7.02727e+12
0.0362768, 4.78221e+20, 1.99917, 2543.31, -430.186, 1.9, -0.00266843, 1.74815e+13, 7.03484e+12
0.0364647, 4.78318e+20, 1.99917, 2543.23, -432.31, 1.9, -0.00268097, 1.75664e+13, 7.09215e+12
0.0366527, 4.78416e+20, 1.99917, 2543.15, -434.427, 1.9, -0.00269346, 1.7651e+13, 7.128e+12
0.0368406, 4.78514e+20, 1.99917, 2543.07, -436.533, 1.9, -0.00270588, 1.77351e+13, 7.16502e+12
0.0370286, 4.78612e+20, 1.99917, 2542.99, -438.63, 1.9, -0.00271822, 1.78189e+13, 7.20476e+12
0.0372166, 4.78711e+20, 1.99917, 2542.91, -440.717, 1.9, -0.00273051, 1.79022e+13, 7.25408e+12
0.0374045, 4.78811e+20, 1.99917, 2542.82, -442.795, 1.9, -0.00274272, 1.79851e+13, 7.26764e+12
0.0375925, 4.7891e+20, 1.99917, 2542.74, -444.864, 1.9, -0.00275487, 1.80677e+13, 7.3278e+12
0.0377805, 4.79011e+20, 1.99917, 2542.66, -446.923, 1.9, -0.00276696, 1.81498e+13, 7.3504e+12
0.0379684, 4.79111e+20, 1.99917, 2542.57, -448.974, 1.9, -0.00277897, 1.82316e+13, 7.38241e+12
0.0381564, 4.79213e+20, 1.99917, 2542.49, -451.015, 1.9, -0.00279093, 1.8313e+13, 7.47472e+12
0.0383443, 4.79315e+20, 1.99917, 2542.4, -453.05, 1.9, -0.00280282, 1.8394e+13, 7.44862e+12
0.0385323, 4.79418e+20, 1.99917, 2542.32, -455.078, 1.9, -0.00281468, 1.84748e+13, 7.52312e+12
0.0387203, 4.79521e+20, 1.99917, 2542.23, -457.1, 1.9, -0.00282648, 1.85554e+13, 7.54026e+12
0.0389082, 4.79626e+20, 1.99917, 2542.14, -459.116, 1.9, -0.00283823, 1.86356e+13, 7.56328e+12
0.0390962, 4.79731e+20, 1.99917, 2542.06, -461.126, 1.9, -0.00284993, 1.87156e+13, 7.6727e+12
0.0392842, 4.79837e+20, 1.99917, 2541.97, -463.129, 1.9, -0.00286158, 1.87953e+13, 7.62995e+12
0.0394721, 4.79943e+20, 1.99917, 2541.88, -465.127, 1.9, -0.00287319, 1.88748e+13, 7.71575e+12
0.0396601, 4.80051e+20, 1.99917, 2541.8, -467.118, 1.9, -0.00288474, 1.89539e+13, 7.73907e+12
0.039848, 4.80159e+20, 1.99917, 2541.71, -469.103, 1.9, -0.00289624, 1.90328e+13, 7.74911e+12
0.040036, 4.80269e+20, 1.99917, 2541.62, -471.081, 1.9, -0.0029077, 1.91114e+13, 7.87443e+12
0.040224, 4.80379e+20, 1.99917, 2541.53, -473.054, 1.9, -0.0029191, 1.91898e+13, 7.82027e+12
0.0404119, 4.80491e+20, 1.99917, 2541.44, -475.022, 1.9, -0.00293046, 1.92679e+13, 7.90669e+12
0.0405999, 4.80603e+20, 1.99917, 2541.35, -476.994, 1.9, -0.00294184, 1.93462e+13, 7.93138e+12
0.0407879, 4.80716e+20, 1.99917, 2541.26, -478.972, 1.9, -0.00295324, 1.94247e+13, 7.93237e+12
0.0409758, 4.8083e+20, 1.99917, 2541.17, -480.957, 1.9, -0.00296466, 1.95035e+13, 8.08241e+12
0.0411638, 4.80945e+20, 1.99917, 2541.08, -482.948, 1.9, -0.00297612, 1.95825e+13, 8.00821e+12
0.0413517, 4.81061e+20, 1.99917, 2540.99, -484.946, 1.9, -0.0029876, 1.96617e+13, 8.11087e+12
0.0415397, 4.81178e+20, 1.99917, 2540.9, -486.95, 1.9, -0.00299912, 1.97412e+13, 8.11321e+12
0.0417277, 4.81296e+20, 1.99917, 2540.81, -488.961, 1.9, -0.00301065, 1.9821e+13, 8.11589e+12
0.0419156, 4.81414e+20, 1.99917, 2540.72, -490.978, 1.9, -0.00302222, 1.99009e+13, 8.335e+12
0.0421036, 4.81533e+20, 1.99917, 2540.62, -493.001, 1.9, -0.00303382, 1.99811e+13, 8.1869e+12
0.0422916, 4.81653e+20, 1.99917, 2540.53, -495.031, 1.9, -0.00304544, 2.00616e+13, 8.29695e+12
0.0424795, 4.81773e+20, 1.99917, 2540.44, -497.068, 1.9, -0.0030571, 2.01423e+13, 8.30588e+12
0.0426675, 4.81894e+20, 1.99917, 2540.34, -499.111, 1.9, -0.00306878, 2.02232e+13, 8.29858e+12
0.0428554, 4.82015e+20, 1.99917, 2540.25, -501.155, 1.9, -0.00308045, 2.03041e+13, 8.52179e+12
0.0430434, 4.82137e+20, 1.99917, 2540.15, -503.2, 1.9, -0.00309213, 2.03851e+13, 8.37322e+12
0.0432314, 4.8226e+20, 1.99917, 2540.06, -505.245, 1.9, -0.00310379, 2.0466e+13, 8.50643e+12
0.0434193, 4.82383e+20, 1.99917, 2539.96, -507.292, 1.9, -0.00311545, 2.0547e+13, 8.46943e+12
0.0436073, 4.82506e+20, 1.99917, 2539.87, -509.34, 1.9, -0.00312711, 2.0628e+13, 8.47033e+12
0.0437953, 4.8263e+20, 1.99917, 2539.77, -511.388, 1.9, -0.00313876, 2.0709e+13, 8.75555e+12
0.0439832, 4.82755e+20, 1.99917, 2539.68, -513.439, 1.9, -0.00315042, 2.07901e+13, 8.57321e+12
0.0441712, 4.8288e+20, 1.99917, 2539.58, -515.489, 1.9, -0.00316206, 2.08711e+13, 8.71151e+12
0.0443591, 4.83005e+20, 1.99917, 2539.48, -517.54, 1.9, -0.0031737, 2.09522e+13, 8.70203e+12
0.0445471, 4.83131e+20, 1.99917, 2539.39, -519.592, 1.9, -0.00318533, 2.10332e+13, 8.73964e+12
0.0447351, 4.83257e+20, 1.99917, 2539.29, -521.645, 1.9, -0.00319695, 2.11143e+13, 8.81592e+12
0.044923, 4.83384e+20, 1.99917, 2539.19, -523.699, 1.9, -0.00320858, 2.11954e+13, 8.81091e+12
0.045111, 4.83511e+20, 1.99917, 2539.09, -525.755, 1.9, -0.0032202, 2.12765e+13, 8.87448e+12
0.045299, 4.83638e+20, 1.99917, 2538.99, -527.813, 1.9, -0.00323183, 2.13577e+13, 8.90682e+12
0.0454869, 4.83765e+20, 1.99917, 2538.89, -529.873, 1.9, -0.00324346, 2.1439e+13, 8.92569e+12
0.0456749, 4.83893e+20, 1.99917, 2538.79, -531.934, 1.9, -0.00325509, 2.15203e+13, 9.05773e+12
0.0458628, 4.84021e+20, 1.99917, 2538.69, -533.998, 1.9, -0.00326673, 2.16016e+13, 9.00237e+12
0.0460508, 4.84149e+20, 1.99917, 2538.59, -536.064, 1.9, -0.00327837, 2.16831e+13, 9.08225e+12
0.0462388, 4.84278e+20, 1.99917, 2538.49, -538.131, 1.9, -0.00329001, 2.17645e+13, 9.09709e+12
0.0464267, 4.84407e+20, 1.99917, 2538.39, -540.201, 1.9, -0.00330165, 2.1846e+13, 9.11251e+12
0.0466147, 4.84536e+20, 1.99917, 2538.29, -542.273, 1.9, -0.0033133, 2.19276e+13, 9.27222e+12
0.0468027, 4.84665e+20, 1.99917, 2538.19, -544.346, 1.9, -0.00332495, 2.20093e+13, 9.20103e+12
0.0469906, 4.84794e+20, 1.99917, 2538.08, -546.422, 1.9, -0.0033366, 2.20909e+13, 9.30255e+12
0.0471786, 4.84923e+20, 1.99917, 2537.98, -548.499, 1.9, -0.00334826, 2.21727e+13, 9.30902e+12
0.0473665, 4.85052e+20, 1.99917, 2537.88, -550.58, 1.9, -0.00335993, 2.22545e+13, 9.3422e+12
0.0475545, 4.85182e+20, 1.99917, 2537.77, -552.663, 1.9, -0.00337161, 2.23365e+13, 9.40221e+12
0.0477425, 4.85311e+20, 1.99917, 2537.67, -554.75, 1.9, -0.00338329, 2.24185e+13, 9.42291e+12
0.0479304, 4.85441e+20, 1.99917, 2537.57, -556.838, 1.9, -0.00339498, 2.25006e+13, 9.47186e+12
0.0481184, 4.8557e+20, 1.99917, 2537.46, -558.929, 1.9, -0.00340668, 2.25827e+13, 9.5092e+12
0.0483063, 4.85699e+20, 1.99917, 2537.36, -561.023, 1.9, -0.00341839, 2.2665e+13, 9.54316e+12
0.0484943, 4.85829e+20, 1.99917, 2537.25, -563.12, 1.9, -0.00343011, 2.27473e+13, 9.60464e+12
0.0486823, 4.85958e+20, 1.99917, 2537.14, -565.219, 1.9, -0.00344184, 2.28298e+13, 9.62537e+12
0.0488702, 4.86087e+20, 1.99917, 2537.04, -567.322, 1.9, -0.00345358, 2.29123e+13, 9.67036e+12
0.0490582, 4.86216e+20, 1.99917, 2536.93, -569.426, 1.9, -0.00346533, 2.29948e+13, 9.71221e+12
0.0492462, 4.86345e+20, 1.99917, 2536.82, -571.534, 1.9, -0.00347708, 2.30775e+13, 9.74715e+12
0.0494341, 4.86474e+20, 1.99917, 2536.72, -573.644, 1.9, -0.00348885, 2.31603e+13, 9.79956e+12
0.0496221, 4.86603e+20, 1.99917, 2536.61, -575.758, 1.9, -0.00350063, 2.32432e+13, 9.83503e+12
0.04981, 4.86731e+20, 1.99917, 2536.5, -577.876, 1.9, -0.00351243, 2.33261e+13, 9.86902e+12
0.049998, 4.86859e+20, 1.99917, 2536.39, -579.996, 1.9, -0.00352424, 2.34092e+13, 9.91798e+12
0.050186, 4.86987e+20, 1.99917, 2536.28, -582.121, 1.9, -0.00353607, 2.34924e+13, 9.96362e+12
0.0503739, 4.87115e+20, 1.99917, 2536.17, -584.248, 1.9, -0.00354791, 2.35758e+13, 9.98166e+12
0.0505619, 4.87242e+20, 1.99917, 2536.06, -586.38, 1.9, -0.00355977, 2.36592e+13, 1.00661e+13
0.0507499, 4.87369e+20, 1.99917, 2535.95, -588.514, 1.9, -0.00357164, 2.37427e+13, 1.00734e+13
0.0509378, 4.87496e+20, 1.99917, 2535.84, -590.652, 1.9, -0.00358352, 2.38264e+13, 1.01221e+13
0.0511258, 4.87622e+20, 1.99917, 2535.73, -592.794, 1.9, -0.00359543, 2.39102e+13, 1.01909e+13
0.0513137, 4.87749e+20, 1.99917, 2535.62, -594.94, 1.9, -0.00360735, 2.39941e+13, 1.01294e+13
0.0515017, 4.87874e+20, 1.99917, 2535.5, -597.089, 1.9, -0.00361929, 2.40781e+13, 1.0307e+13
0.0516897, 4.88e+20, 1.99917, 2535.39, -599.243, 1.9, -0.00363125, 2.41623e+13, 1.02712e+13
0.0518776, 4.88124e+20, 1.99917, 2535.28, -601.406, 1.9, -0.00364327, 2.42468e+13, 1.03376e+13
0.0520656, 4.88249e+20, 1.99917, 2535.17, -603.581, 1.9, -0.00365535, 2.43318e+13, 1.04432e+13
0.0522536, 4.88373e+20, 1.99917, 2535.05, -605.766, 1.9, -0.00366748, 2.44171e+13, 1.02311e+13
0.0524415, 4.88496e+20, 1.99917, 2534.94, -607.962, 1.9, -0.00367968, 2.45029e+13, 1.05602e+13
0.0526295, 4.88619e+20, 1.99917, 2534.82, -610.168, 1.9, -0.00369194, 2.4589e+13, 1.0473e+13
0.0528174, 4.88741e+20, 1.99917, 2534.71, -612.385, 1.9, -0.00370426, 2.46756e+13, 1.05505e+13
0.0530054, 4.88863e+20, 1.99917, 2534.59, -614.613, 1.9, -0.00371664, 2.47625e+13, 1.0699e+13
0.0531934, 4.88984e+20, 1.99917, 2534.48, -616.852, 1.9, -0.00372909, 2.48499e+13, 1.03172e+13
0.0533813, 4.89104e+20, 1.99917, 2534.36, -619.101, 1.9, -0.00374159, 2.49376e+13, 1.07895e+13
0.0535693, 4.89224e+20, 1.99916, 2534.25, -621.361, 1.9, -0.00375416, 2.50258e+13, 1.06715e+13
0.0537573, 4.89343e+20, 1.99916, 2534.13, -623.631, 1.9, -0.00376678, 2.51143e+13, 1.07577e+13
0.0539452, 4.89461e+20, 1.99916, 2534.01, -625.91, 1.9, -0.00377946, 2.52032e+13, 1.09473e+13
0.0541332, 4.89579e+20, 1.99916, 2533.89, -628.192, 1.9, -0.00379216, 2.52921e+13, 1.05303e+13
0.0543211, 4.89695e+20, 1.99916, 2533.77, -630.477, 1.9, -0.00380486, 2.53811e+13, 1.10688e+13
0.0545091, 4.89811e+20, 1.99916, 2533.66, -632.764, 1.9, -0.00381758, 2.54702e+13, 1.08887e+13
0.0546971, 4.89926e+20, 1.99916, 2533.54, -635.054, 1.9, -0.00383032, 2.55594e+13, 1.09319e+13
0.054885, 4.90041e+20, 1.99916, 2533.42, -637.348, 1.9, -0.00384307, 2.56487e+13, 1.12292e+13
0.055073, 4.90155e+20, 1.99916, 2533.3, -639.643, 1.9, -0.00385583, 2.5738e+13, 1.05355e+13
0.055261, 4.90268e+20, 1.99916, 2533.18, -641.94, 1.9, -0.00386861, 2.58274e+13, 1.12757e+13
0.0554489, 4.9038e+20, 1.99916, 2533.06, -644.24, 1.9, -0.00388139, 2.59168e+13, 1.10889e+13
0.0556369, 4.90492e+20, 1.99916, 2532.93, -646.543, 1.9, -0.00389419, 2.60064e+13, 1.11386e+13
0.0558248, 4.90603e+20, 1.99916, 2532.81, -648.848, 1.9, -0.003907, 2.60959e+13, 1.14631e+13
0.0560128, 4.90714e+20, 1.99916, 2532.69, -651.156, 1.9, -0.00391983, 2.61856e+13, 1.07065e+13
0.0562008, 4.90824e+20, 1.99916, 2532.57, -653.465, 1.9, -0.00393265, 2.62753e+13, 1.14952e+13
0.0563887, 4.90933e+20, 1.99916, 2532.45, -655.77, 1.9, -0.00394546, 2.63648e+13, 1.12751e+13
0.0565767, 4.91042e+20, 1.99916, 2532.32, -658.073, 1.9, -0.00395824, 2.64541e+13, 1.13599e+13
0.0567647, 4.9115e+20, 1.99916, 2532.2, -660.372, 1.9, -0.003971, 2.65433e+13, 1.16918e+13
0.0569526, 4.91258e+20, 1.99916, 2532.07, -662.668, 1.9, -0.00398374, 2.66323e+13, 1.09126e+13
0.0571406, 4.91365e+20, 1.99916, 2531.95, -664.961, 1.9, -0.00399645, 2.67212e+13, 1.17953e+13
0.0573285, 4.91472e+20, 1.99916, 2531.82, -667.251, 1.9, -0.00400914, 2.68099e+13, 1.1556e+13
0.0575165, 4.91579e+20, 1.99916, 2531.7, -669.538, 1.9, -0.00402181, 2.68984e+13, 1.15567e+13
0.0577045, 4.91685e+20, 1.99916, 2531.57, -671.822, 1.9, -0.00403445, 2.69868e+13, 1.19403e+13
0.0578924, 4.91791e+20, 1.99916, 2531.45, -674.102, 1.9, -0.00404707, 2.70751e+13, 1.09794e+13
0.0580804, 4.91897e+20, 1.99916, 2531.32, -676.379, 1.9, -0.00405967, 2.71631e+13, 1.19549e+13
0.0582684, 4.92003e+20, 1.99916, 2531.19, -678.654, 1.9, -0.00407224, 2.7251e+13, 1.17482e+13
0.0584563, 4.92108e+20, 1.99916, 2531.06, -680.929, 1.9, -0.00408481, 2.73389e+13, 1.17836e+13
0.0586443, 4.92214e+20, 1.99916, 2530.94, -683.209, 1.9, -0.00409741, 2.7427e+13, 1.21296e+13
0.0588322, 4.92319e+20, 1.99916, 2530.81, -685.492, 1.9, -0.00411001, 2.75152e+13, 1.12608e+13
0.0590202, 4.92424e+20, 1.99916, 2530.68, -687.78, 1.9, -0.00412264, 2.76035e+13, 1.21561e+13
0.0592082, 4.92529e+20, 1.99916, 2530.55, -690.071, 1.9, -0.00413528, 2.76919e+13, 1.19307e+13
0.0593961, 4.92633e+20, 1.99916, 2530.42, -692.367, 1.9, -0.00414795, 2.77805e+13, 1.2004e+13
0.0595841, 4.92737e+20, 1.99916, 2530.29, -694.667, 1.9, -0.00416063, 2.78691e+13, 1.23037e+13
0.0597721, 4.92842e+20, 1.99916, 2530.16, -696.971, 1.9, -0.00417333, 2.7958e+13, 1.1619e+13
0.05996, 4.92946e+20, 1.99916, 2530.03, -699.279, 1.9, -0.00418605, 2.80469e+13, 1.2246e+13
0.060148, 4.93049e+20, 1.99916, 2529.89, -701.592, 1.9, -0.00419879, 2.8136e+13, 1.21775e+13
0.0603359, 4.93153e+20, 1.99916, 2529.76, -703.908, 1.9, -0.00421155, 2.82252e+13, 1.21743e+13
0.0605239, 4.93256e+20, 1.99916, 2529.63, -706.229, 1.9, -0.00422433, 2.83146e+13, 1.23698e+13
0.0607119, 4.93359e+20, 1.99916, 2529.5, -708.551, 1.9, -0.00423712, 2.84039e+13, 1.20845e+13
0.0608998, 4.93462e+20, 1.99916, 2529.36, -710.873, 1.9, -0.00424989, 2.84933e+13, 1.23821e+13
0.0610878, 4.93564e+20, 1.99916, 2529.23, -713.196, 1.9, -0.00426267, 2.85826e+13, 1.24007e+13
0.0612758, 4.93666e+20, 1.99916, 2529.09, -715.52, 1.9, -0.00427545, 2.86719e+13, 1.23918e+13
0.0614637, 4.93768e+20, 1.99916, 2528.96, -717.844, 1.9, -0.00428822, 2.87612e+13, 1.24943e+13
0.0616517, 4.9387e+20, 1.99916, 2528.83, -720.168, 1.9, -0.00430098, 2.88505e+13, 1.23954e+13
0.0618396, 4.93972e+20, 1.99916, 2528.69, -722.493, 1.9, -0.00431375, 2.89397e+13, 1.23858e+13
0.0620276, 4.94073e+20, 1.99916, 2528.55, -724.818, 1.9, -0.00432651, 2.9029e+13, 1.25217e+13
0.0622156, 4.94174e+20, 1.99916, 2528.42, -727.145, 1.9, -0.00433928, 2.91182e+13, 1.26729e+13
0.0624035, 4.94275e+20, 1.99916, 2528.28, -729.471, 1.9, -0.00435204, 2.92074e+13, 1.24525e+13
0.0625915, 4.94376e+20, 1.99916, 2528.14, -731.797, 1.9, -0.00436479, 2.92966e+13, 1.32187e+13
0.0627795, 4.94476e+20, 1.99916, 2528.01, -734.124, 1.9, -0.00437754, 2.93858e+13, 1.23522e+13
0.0629674, 4.94577e+20, 1.99916, 2527.87, -736.452, 1.9, -0.00439029, 2.94749e+13, 1.27639e+13
0.0631554, 4.94677e+20, 1.99916, 2527.73, -738.782, 1.9, -0.00440304, 2.95641e+13, 1.28655e+13
0.0633433, 4.94777e+20, 1.99916, 2527.59, -741.112, 1.9, -0.0044158, 2.96533e+13, 1.24121e+13
0.0635313, 4.94877e+20, 1.99916, 2527.45, -743.444, 1.9, -0.00442855, 2.97425e+13, 1.40611e+13
0.0637193, 4.94976e+20, 1.99916, 2527.31, -745.777, 1.9, -0.00444131, 2.98317e+13, 1.239e+13
0.0639072, 4.95076e+20, 1.99916, 2527.17, -748.111, 1.9, -0.00445407, 2.99209e+13, 1.30049e+13
0.0640952, 4.95175e+20, 1.99916, 2527.03, -750.446, 1.9, -0.00446683, 3.00101e+13, 1.30499e+13
0.0642832, 4.95274e+20, 1.99916, 2526.89, -752.782, 1.9, -0.00447959, 3.00993e+13, 1.23395e+13
0.0644711, 4.95373e+20, 1.99916, 2526.75, -755.12, 1.9, -0.00449235, 3.01885e+13, 1.48341e+13
0.0646591, 4.95471e+20, 1.99916, 2526.6, -757.458, 1.9, -0.00450511, 3.02778e+13, 1.23177e+13
0.064847, 4.9557e+20, 1.99916, 2526.46, -759.798, 1.9, -0.00451787, 3.0367e+13, 1.31636e+13
0.065035, 4.95668e+20, 1.99916, 2526.32, -762.14, 1.9, -0.00453064, 3.04563e+13, 1.33687e+13
0.065223, 4.95766e+20, 1.99916, 2526.17, -764.483, 1.9, -0.00454341, 3.05456e+13, 1.2135e+13
0.0654109, 4.95864e+20, 1.99916, 2526.03, -766.827, 1.9, -0.00455619, 3.06349e+13, 1.56252e+13
0.0655989, 4.95962e+20, 1.99916, 2525.89, -769.173, 1.9, -0.00456896, 3.07242e+13, 1.23201e+13
0.0657869, 4.9606e+20, 1.99916, 2525.74, -771.521, 1.9, -0.00458175, 3.08136e+13, 1.3332e+13
0.0659748, 4.96157e+20, 1.99916, 2525.6, -773.872, 1.9, -0.00459454, 3.09031e+13, 1.38138e+13
0.0661628, 4.96255e+20, 1.99916, 2525.45, -776.224, 1.9, -0.00460733, 3.09925e+13, 1.22071e+13
0.0663507, 4.96352e+20, 1.99916, 2525.3, -778.577, 1.9, -0.00462013, 3.1082e+13, 1.61694e+13
0.0665387, 4.96449e+20, 1.99916, 2525.16, -780.931, 1.9, -0.00463293, 3.11714e+13, 1.25278e+13
0.0667267, 4.96545e+20, 1.99916, 2525.01, -783.288, 1.9, -0.00464573, 3.12609e+13, 1.34944e+13
0.0669146, 4.96642e+20, 1.99916, 2524.86, -785.646, 1.9, -0.00465854, 3.13505e+13, 1.41033e+13
0.0671026, 4.96739e+20, 1.99916, 2524.72, -788.006, 1.9, -0.00467135, 3.144e+13, 1.22617e+13
0.0672906, 4.96835e+20, 1.99916, 2524.57, -790.368, 1.9, -0.00468417, 3.15296e+13, 1.67361e+13
0.0674785, 4.96931e+20, 1.99916, 2524.42, -792.732, 1.9, -0.00469699, 3.16193e+13, 1.2672e+13
0.0676665, 4.97027e+20, 1.99916, 2524.27, -795.1, 1.9, -0.00470983, 3.17091e+13, 1.37592e+13
0.0678544, 4.97123e+20, 1.99916, 2524.12, -797.471, 1.9, -0.00472268, 3.17989e+13, 1.42094e+13
0.0680424, 4.97219e+20, 1.99916, 2523.97, -799.844, 1.9, -0.00473554, 3.18888e+13, 1.24353e+13
0.0682304, 4.97314e+20, 1.99916, 2523.82, -802.22, 1.9, -0.00474842, 3.19787e+13, 1.75694e+13
0.0684183, 4.9741e+20, 1.99916, 2523.67, -804.599, 1.9, -0.0047613, 3.20688e+13, 1.28412e+13
0.0686063, 4.97505e+20, 1.99916, 2523.52, -806.981, 1.9, -0.00477419, 3.21589e+13, 1.38739e+13
0.0687943, 4.976e+20, 1.99916, 2523.36, -809.365, 1.9, -0.00478709, 3.22491e+13, 1.44321e+13
0.0689822, 4.97696e+20, 1.99916, 2523.21, -811.753, 1.9, -0.00480001, 3.23393e+13, 1.2621e+13
0.0691702, 4.97791e+20, 1.99916, 2523.06, -814.143, 1.9, -0.00481293, 3.24296e+13, 1.74398e+13
0.0693581, 4.97885e+20, 1.99916, 2522.91, -816.536, 1.9, -0.00482587, 3.252e+13, 1.27869e+13
0.0695461, 4.9798e+20, 1.99916, 2522.75, -818.935, 1.9, -0.00483883, 3.26106e+13, 1.39001e+13
0.0697341, 4.98075e+20, 1.99916, 2522.6, -821.339, 1.9, -0.00485182, 3.27013e+13, 1.47524e+13
0.069922, 4.98169e+20, 1.99916, 2522.44, -823.749, 1.9, -0.00486483, 3.27922e+13, 1.24945e+13
0.07011, 4.98263e+20, 1.99916, 2522.29, -826.164, 1.9, -0.00487787, 3.28833e+13, 1.90277e+13
0.070298, 4.98357e+20, 1.99916, 2522.13, -828.584, 1.9, -0.00489094, 3.29746e+13, 1.29257e+13
0.0704859, 4.98452e+20, 1.99916, 2521.98, -831.011, 1.9, -0.00490403, 3.3066e+13, 1.41661e+13
0.0706739, 4.98546e+20, 1.99916, 2521.82, -833.443, 1.9, -0.00491715, 3.31577e+13, 1.50286e+13
0.0708618, 4.98639e+20, 1.99916, 2521.66, -835.881, 1.9, -0.0049303, 3.32495e+13, 1.23526e+13
0.0710498, 4.98733e+20, 1.99916, 2521.51, -838.324, 1.9, -0.00494348, 3.33415e+13, 1.93432e+13
0.0712378, 4.98827e+20, 1.99916, 2521.35, -840.774, 1.9, -0.00495668, 3.34337e+13, 1.33072e+13
0.0714257, 4.9892e+20, 1.99916, 2521.19, -843.229, 1.9, -0.00496991, 3.3526e+13, 1.44594e+13
0.0716137, 4.99014e+20, 1.99916, 2521.03, -845.689, 1.9, -0.00498316, 3.36186e+13, 1.54463e+13
0.0718017, 4.99107e+20, 1.99916, 2520.87, -848.158, 1.9, -0.00499646, 3.37114e+13, 1.31702e+13
0.0719896, 4.992e+20, 1.99916, 2520.71, -850.635, 1.9, -0.00500979, 3.38045e+13, 1.79548e+13
0.0721776, 4.99294e+20, 1.99915, 2520.55, -853.119, 1.9, -0.00502317, 3.38978e+13, 1.41493e+13
0.0723655, 4.99387e+20, 1.99915, 2520.39, -855.611, 1.9, -0.00503659, 3.39914e+13, 1.47237e+13
0.0725535, 4.9948e+20, 1.99915, 2520.23, -858.112, 1.9, -0.00505004, 3.40853e+13, 1.55705e+13
0.0727415, 4.99572e+20, 1.99915, 2520.07, -860.62, 1.9, -0.00506354, 3.41795e+13, 1.45445e+13
0.0729294, 4.99665e+20, 1.99915, 2519.91, -863.136, 1.9, -0.00507707, 3.42739e+13, 1.45992e+13
0.0731174, 4.99758e+20, 1.99915, 2519.74, -865.661, 1.9, -0.00509065, 3.43686e+13, 1.55019e+13
0.0733054, 4.9985e+20, 1.99915, 2519.58, -868.194, 1.9, -0.00510427, 3.44636e+13, 1.53348e+13
0.0734933, 4.99943e+20, 1.99915, 2519.42, -870.734, 1.9, -0.00511793, 3.45588e+13, 1.53093e+13
0.0736813, 5.00035e+20, 1.99915, 2519.25, -873.282, 1.9, -0.00513162, 3.46543e+13, 1.67504e+13
0.0738692, 5.00127e+20, 1.99915, 2519.09, -875.839, 1.9, -0.00514536, 3.47501e+13, 1.31727e+13
0.0740572, 5.0022e+20, 1.99915, 2518.93, -878.408, 1.9, -0.00515917, 3.48464e+13, 1.86385e+13
0.0742452, 5.00312e+20, 1.99915, 2518.76, -880.988, 1.9, -0.00517303, 3.4943e+13, 1.71058e+13
0.0744331, 5.00403e+20, 1.99915, 2518.59, -883.58, 1.9, -0.00518695, 3.504e+13, 1.40916e+13
0.0746211, 5.00495e+20, 1.99915, 2518.43, -886.184, 1.9, -0.00520094, 3.51375e+13, 2.19072e+13
0.0748091, 5.00587e+20, 1.99915, 2518.26, -888.799, 1.9, -0.00521499, 3.52353e+13, -2.46253e+12
0.074997, 5.00679e+20, 1.99915, 2518.09, -891.426, 1.9, -0.00522909, 3.53336e+13, 1.80975e+13
0.075185, 5.0077e+20, 1.99915, 2517.93, -894.064, 1.9, -0.00524326, 3.54323e+13, 1.44548e+13
0.0753729, 5.00861e+20, 1.99915, 2517.76, -896.714, 1.9, -0.00525749, 3.55313e+13, 1.66074e+13
0.0755609, 5.00953e+20, 1.99915, 2517.59, -899.375, 1.9, -0.00527179, 3.56308e+13, 2.31211e+13
0.0757489, 5.01044e+20, 1.99915, 2517.42, -902.048, 1.9, -0.00528614, 3.57307e+13, 1.43564e+13
0.0759368, 5.01135e+20, 1.99915, 2517.25, -904.733, 1.9, -0.00530055, 3.5831e+13, 1.59672e+13
0.0761248, 5.01225e+20, 1.99915, 2517.08, -907.43, 1.9, -0.00531503, 3.59317e+13, 1.60432e+13
0.0763128, 5.01316e+20, 1.99915, 2516.91, -910.139, 1.9, -0.00532957, 3.60329e+13, 1.602e+13
0.0765007, 5.01407e+20, 1.99915, 2516.74, -912.86, 1.9, -0.00534417, 3.61345e+13, 1.59886e+13
0.0766887, 5.01497e+20, 1.99915, 2516.57, -915.593, 1.9, -0.00535884, 3.62365e+13, 1.61103e+13
0.0768766, 5.01587e+20, 1.99915, 2516.39, -918.339, 1.9, -0.00537358, 3.6339e+13, 1.61546e+13
0.0770646, 5.01677e+20, 1.99915, 2516.22, -921.097, 1.9, -0.00538838, 3.64418e+13, 1.6221e+13
0.0772526, 5.01767e+20, 1.99915, 2516.05, -923.866, 1.9, -0.00540324, 3.65451e+13, 1.61819e+13
0.0774405, 5.01857e+20, 1.99915, 2515.87, -926.648, 1.9, -0.00541816, 3.66488e+13, 1.62188e+13
0.0776285, 5.01947e+20, 1.99915, 2515.7, -929.441, 1.9, -0.00543315, 3.67529e+13, 1.67475e+13
0.0778165, 5.02037e+20, 1.99915, 2515.52, -932.247, 1.9, -0.0054482, 3.68574e+13, 1.6322e+13
0.0780044, 5.02126e+20, 1.99915, 2515.35, -935.065, 1.9, -0.00546331, 3.69624e+13, 1.64453e+13
0.0781924, 5.02215e+20, 1.99915, 2515.17, -937.895, 1.9, -0.00547849, 3.70678e+13, 1.64408e+13
0.0783803, 5.02305e+20, 1.99915, 2515, -940.738, 1.9, -0.00549373, 3.71736e+13, 1.64166e+13
0.0785683, 5.02394e+20, 1.99915, 2514.82, -943.594, 1.9, -0.00550904, 3.72799e+13, 1.68931e+13
0.0787563, 5.02483e+20, 1.99915, 2514.64, -946.462, 1.9, -0.00552442, 3.73866e+13, 1.65059e+13
0.0789442, 5.02572e+20, 1.99915, 2514.46, -949.344, 1.9, -0.00553987, 3.74938e+13, 1.6611e+13
0.0791322, 5.0266e+20, 1.99915, 2514.28, -952.238, 1.9, -0.00555538, 3.76014e+13, 1.68107e+13
0.0793202, 5.02749e+20, 1.99915, 2514.1, -955.146, 1.9, -0.00557097, 3.77095e+13, 1.67205e+13
0.0795081, 5.02837e+20, 1.99915, 2513.92, -958.066, 1.9, -0.00558662, 3.78181e+13, 1.67996e+13
0.0796961, 5.02926e+20, 1.99915, 2513.74, -960.999, 1.9, -0.00560233, 3.7927e+13, 1.68492e+13
0.079884, 5.03014e+20, 1.99915, 2513.56, -963.945, 1.9, -0.00561812, 3.80365e+13, 1.69283e+13
0.080072, 5.03102e+20, 1.99915, 2513.38, -966.904, 1.9, -0.00563397, 3.81463e+13, 1.70043e+13
0.08026, 5.0319e+20, 1.99915, 2513.2, -969.876, 1.9, -0.00564989, 3.82566e+13, 1.71171e+13
0.0804479, 5.03278e+20, 1.99915, 2513.02, -972.863, 1.9, -0.00566589, 3.83675e+13, 1.64791e+13
0.0806359, 5.03366e+20, 1.99915, 2512.83, -975.863, 1.9, -0.00568195, 3.84788e+13, 1.73297e+13
0.0808239, 5.03453e+20, 1.99915, 2512.65, -978.877, 1.9, -0.0056981, 3.85906e+13, 1.72478e+13
0.0810118, 5.03541e+20, 1.99915, 2512.47, -981.906, 1.9, -0.00571432, 3.87029e+13, 1.7098e+13
0.0811998, 5.03628e+20, 1.99915, 2512.28, -984.949, 1.9, -0.00573061, 3.88157e+13, 1.7782e+13
0.0813877, 5.03715e+20, 1.99915, 2512.1, -988.007, 1.9, -0.00574698, 3.8929e+13, 1.53645e+13
0.0815757, 5.03802e+20, 1.99915, 2511.91, -991.079, 1.9, -0.00576343, 3.90429e+13, 1.79958e+13
0.0817637, 5.03889e+20, 1.99915, 2511.72, -994.165, 1.9, -0.00577995, 3.91572e+13, 1.76862e+13
0.0819516, 5.03976e+20, 1.99915, 2511.54, -997.266, 1.9, -0.00579655, 3.9272e+13, 1.70706e+13
0.0821396, 5.04063e+20, 1.99915, 2511.35, -1000.38, 1.9, -0.00581322, 3.93873e+13, 1.84337e+13
0.0823276, 5.04149e+20, 1.99915, 2511.16, -1003.51, 1.9, -0.00582997, 3.95031e+13, 1.42886e+13
0.0825155, 5.04236e+20, 1.99915, 2510.97, -1006.66, 1.9, -0.00584679, 3.96195e+13, 1.89104e+13
0.0827035, 5.04322e+20, 1.99915, 2510.78, -1009.82, 1.9, -0.0058637, 3.97364e+13, 1.84591e+13
0.0828914, 5.04409e+20, 1.99915, 2510.59, -1012.99, 1.9, -0.00588071, 3.98539e+13, 1.66554e+13
0.0830794, 5.04495e+20, 1.99915, 2510.4, -1016.19, 1.9, -0.0058978, 3.9972e+13, 1.91377e+13
0.0832674, 5.04581e+20, 1.99915, 2510.21, -1019.4, 1.9, -0.00591499, 4.00907e+13, 1.28921e+13
0.0834553, 5.04666e+20, 1.99915, 2510.02, -1022.63, 1.9, -0.00593226, 4.021e+13, 1.96973e+13
0.0836433, 5.04752e+20, 1.99915, 2509.82, -1025.88, 1.9, -0.00594963, 4.033e+13, 1.89061e+13
0.0838313, 5.04838e+20, 1.99915, 2509.63, -1029.14, 1.9, -0.00596709, 4.04505e+13, 1.66785e+13
0.0840192, 5.04923e+20, 1.99915, 2509.44, -1032.42, 1.9, -0.00598464, 4.05716e+13, 1.97526e+13
0.0842072, 5.05008e+20, 1.99915, 2509.24, -1035.72, 1.9, -0.00600229, 4.06934e+13, 1.2912e+13
0.0843951, 5.05094e+20, 1.99915, 2509.05, -1039.04, 1.9, -0.00602002, 4.08158e+13, 2.00997e+13
0.0845831, 5.05179e+20, 1.99915, 2508.85, -1042.37, 1.9, -0.00603784, 4.09387e+13, 1.92778e+13
0.0847711, 5.05264e+20, 1.99915, 2508.66, -1045.72, 1.9, -0.00605575, 4.10622e+13, 1.67534e+13
0.084959, 5.05348e+20, 1.99915, 2508.46, -1049.09, 1.9, -0.00607375, 4.11864e+13, 1.99323e+13
0.085147, 5.05433e+20, 1.99915, 2508.26, -1052.47, 1.9, -0.00609185, 4.13111e+13, 1.39743e+13
0.085335, 5.05518e+20, 1.99915, 2508.06, -1055.87, 1.9, -0.00611003, 4.14364e+13, 1.98106e+13
0.0855229, 5.05602e+20, 1.99915, 2507.87, -1059.29, 1.9, -0.0061283, 4.15623e+13, 1.90388e+13
0.0857109, 5.05686e+20, 1.99915, 2507.67, -1062.73, 1.9, -0.00614666, 4.16888e+13, 1.7652e+13
0.0858988, 5.0577e+20, 1.99915, 2507.47, -1066.18, 1.9, -0.00616512, 4.18159e+13, 1.97336e+13
0.0860868, 5.05854e+20, 1.99915, 2507.27, -1069.65, 1.9, -0.00618366, 4.19436e+13, 1.67832e+13
0.0862748, 5.05938e+20, 1.99915, 2507.06, -1073.14, 1.9, -0.00620229, 4.20719e+13, 1.89464e+13
0.0864627, 5.06022e+20, 1.99915, 2506.86, -1076.64, 1.9, -0.00622101, 4.22008e+13, 1.88621e+13
0.0866507, 5.06106e+20, 1.99915, 2506.66, -1080.16, 1.9, -0.00623982, 4.23303e+13, 1.85381e+13
0.0868387, 5.0619e+20, 1.99915, 2506.46, -1083.7, 1.9, -0.00625872, 4.24604e+13, 1.84578e+13
0.0870266, 5.06274e+20, 1.99915, 2506.25, -1087.27, 1.9, -0.00627775, 4.25913e+13, 2.12794e+13
0.0872146, 5.06357e+20, 1.99915, 2506.05, -1090.86, 1.9, -0.00629695, 4.27234e+13, 1.79419e+13
0.0874025, 5.06441e+20, 1.99915, 2505.84, -1094.48, 1.9, -0.00631631, 4.28565e+13, 1.85491e+13
0.0875905, 5.06524e+20, 1.99915, 2505.64, -1098.14, 1.9, -0.00633584, 4.29908e+13, 1.98005e+13
0.0877785, 5.06607e+20, 1.99915, 2505.43, -1101.83, 1.9, -0.00635554, 4.31262e+13, 1.75908e+13
0.0879664, 5.0669e+20, 1.99915, 2505.22, -1105.54, 1.9, -0.0063754, 4.32627e+13, 2.45334e+13
0.0881544, 5.06773e+20, 1.99915, 2505.01, -1109.28, 1.9, -0.00639542, 4.34002e+13, 1.70849e+13
0.0883424, 5.06855e+20, 1.99915, 2504.8, -1113.06, 1.9, -0.0064156, 4.35388e+13, 1.78204e+13
0.0885303, 5.06938e+20, 1.99915, 2504.59, -1116.87, 1.9, -0.00643596, 4.36786e+13, 2.13087e+13
0.0887183, 5.0702e+20, 1.99915, 2504.38, -1120.7, 1.9, -0.00645647, 4.38194e+13, 1.71578e+13
0.0889062, 5.07101e+20, 1.99915, 2504.17, -1124.57, 1.9, -0.00647715, 4.39613e+13, 2.65922e+13
0.0890942, 5.07183e+20, 1.99915, 2503.96, -1128.46, 1.9, -0.00649798, 4.41041e+13, 1.69995e+13
0.0892822, 5.07264e+20, 1.99915, 2503.75, -1132.36, 1.9, -0.00651883, 4.42471e+13, 1.79559e+13
0.0894701, 5.07345e+20, 1.99915, 2503.54, -1136.26, 1.9, -0.00653968, 4.439e+13, 2.13733e+13
0.0896581, 5.07426e+20, 1.99915, 2503.32, -1140.16, 1.9, -0.00656054, 4.4533e+13, 1.73105e+13
0.0898461, 5.07507e+20, 1.99915, 2503.11, -1144.07, 1.9, -0.00658139, 4.46759e+13, 2.60828e+13
0.090034, 5.07587e+20, 1.99915, 2502.89, -1147.97, 1.9, -0.00660224, 4.48188e+13, 1.74561e+13
0.090222, 5.07668e+20, 1.99915, 2502.68, -1151.88, 1.9, -0.0066231, 4.49617e+13, 1.81313e+13
0.0904099, 5.0775e+20, 1.99915, 2502.46, -1155.79, 1.9, -0.00664394, 4.51046e+13, 2.17565e+13
0.0905979, 5.07831e+20, 1.99915, 2502.24, -1159.7, 1.9, -0.00666479, 4.52474e+13, 1.77801e+13
0.0907859, 5.07913e+20, 1.99915, 2502.02, -1163.62, 1.9, -0.00668562, 4.53903e+13, 2.56755e+13
0.0909738, 5.07995e+20, 1.99915, 2501.8, -1167.54, 1.9, -0.00670646, 4.55331e+13, 1.81219e+13
0.0911618, 5.08078e+20, 1.99915, 2501.58, -1171.45, 1.9, -0.00672728, 4.56759e+13, 1.88864e+13
0.0913498, 5.08161e+20, 1.99915, 2501.36, -1175.38, 1.9, -0.00674811, 4.58188e+13, 2.11133e+13
0.0915377, 5.08245e+20, 1.99914, 2501.14, -1179.31, 1.9, -0.00676897, 4.59619e+13, 1.817e+13
0.0917257, 5.0833e+20, 1.99914, 2500.92, -1183.25, 1.9, -0.00678984, 4.61052e+13, 2.52795e+13
0.0919136, 5.08415e+20, 1.99914, 2500.7, -1187.2, 1.9, -0.00681074, 4.62487e+13, 1.81309e+13
0.0921016, 5.08501e+20, 1.99914, 2500.47, -1191.15, 1.9, -0.00683165, 4.63923e+13, 1.91636e+13
0.0922896, 5.08588e+20, 1.99914, 2500.25, -1195.11, 1.9, -0.00685259, 4.65362e+13, 2.18439e+13
0.0924775, 5.08676e+20, 1.99914, 2500.02, -1199.08, 1.9, -0.00687354, 4.66802e+13, 1.91326e+13
0.0926655, 5.08765e+20, 1.99914, 2499.8, -1203.06, 1.9, -0.00689451, 4.68245e+13, 1.95116e+13
0.0928535, 5.08854e+20, 1.99914, 2499.57, -1207.04, 1.9, -0.0069155, 4.69689e+13, 2.04143e+13
0.0930414, 5.08944e+20, 1.99914, 2499.35, -1211.03, 1.9, -0.00693651, 4.71135e+13, 2.04244e+13
0.0932294, 5.09036e+20, 1.99914, 2499.12, -1215.03, 1.9, -0.00695754, 4.72583e+13, 2.04224e+13
0.0934173, 5.09128e+20, 1.99914, 2498.89, -1219.04, 1.9, -0.0069786, 4.74034e+13, 2.04833e+13
0.0936053, 5.09221e+20, 1.99914, 2498.66, -1223.09, 1.9, -0.00699982, 4.75498e+13, 2.10389e+13
0.0937933, 5.09315e+20, 1.99914, 2498.43, -1227.17, 1.9, -0.00702125, 4.76975e+13, 2.07143e+13
0.0939812, 5.0941e+20, 1.99914, 2498.2, -1231.29, 1.9, -0.00704288, 4.78468e+13, 2.0712e+13
0.0941692, 5.09506e+20, 1.99914, 2497.97, -1235.46, 1.9, -0.00706471, 4.79974e+13, 2.07615e+13
0.0943572, 5.09602e+20, 1.99914, 2497.73, -1239.66, 1.9, -0.00708675, 4.81496e+13, 2.08338e+13
0.0945451, 5.09699e+20, 1.99914, 2497.5, -1243.91, 1.9, -0.007109, 4.83032e+13, 2.08544e+13
0.0947331, 5.09797e+20, 1.99914, 2497.27, -1248.19, 1.9, -0.00713145, 4.84582e+13, 2.09717e+13
0.094921, 5.09895e+20, 1.99914, 2497.03, -1252.52, 1.9, -0.00715411, 4.86146e+13, 2.09908e+13
0.095109, 5.09994e+20, 1.99914, 2496.79, -1256.88, 1.9, -0.007177, 4.87727e+13, 2.10914e+13
0.095297, 5.10092e+20, 1.99914, 2496.56, -1261.29, 1.9, -0.00720008, 4.8932e+13, 2.1081e+13
0.0954849, 5.10192e+20, 1.99914, 2496.32, -1265.74, 1.9, -0.00722336, 4.90928e+13, 2.12311e+13
0.0956729, 5.10291e+20, 1.99914, 2496.08, -1270.22, 1.9, -0.00724687, 4.92551e+13, 2.12106e+13
0.0958609, 5.1039e+20, 1.99914, 2495.84, -1274.75, 1.9, -0.00727059, 4.94189e+13, 2.12607e+13
0.0960488, 5.1049e+20, 1.99914, 2495.6, -1279.32, 1.9, -0.00729454, 4.95842e+13, 2.14027e+13
0.0962368, 5.1059e+20, 1.99914, 2495.36, -1283.94, 1.9, -0.00731872, 4.9751e+13, 2.13419e+13
0.0964247, 5.10689e+20, 1.99914, 2495.12, -1288.59, 1.9, -0.00734312, 4.99194e+13, 2.15389e+13
0.0966127, 5.10789e+20, 1.99914, 2494.88, -1293.29, 1.9, -0.00736774, 5.00892e+13, 2.14767e+13
0.0968007, 5.10889e+20, 1.99914, 2494.63, -1298.04, 1.9, -0.00739259, 5.02606e+13, 2.15284e+13
0.0969886, 5.10989e+20, 1.99914, 2494.39, -1302.82, 1.9, -0.00741766, 5.04335e+13, 2.16785e+13
0.0971766, 5.11088e+20, 1.99914, 2494.14, -1307.65, 1.9, -0.00744296, 5.06079e+13, 2.16013e+13
0.0973645, 5.11187e+20, 1.99914, 2493.9, -1312.52, 1.9, -0.00746849, 5.07838e+13, 2.18308e+13
0.0975525, 5.11286e+20, 1.99914, 2493.65, -1317.43, 1.9, -0.00749424, 5.09613e+13, 2.17416e+13
0.0977405, 5.11385e+20, 1.99914, 2493.4, -1322.38, 1.9, -0.00752023, 5.11402e+13, 2.18104e+13
0.0979284, 5.11484e+20, 1.99914, 2493.15, -1327.39, 1.9, -0.00754649, 5.1321e+13, 2.19795e+13
0.0981164, 5.11582e+20, 1.99914, 2492.9, -1332.45, 1.9, -0.00757304, 5.15037e+13, 2.18845e+13
0.0983044, 5.1168e+20, 1.99914, 2492.65, -1337.56, 1.9, -0.00759988, 5.16883e+13, 2.21294e+13
0.0984923, 5.11777e+20, 1.99914, 2492.4, -1342.73, 1.9, -0.00762702, 5.18749e+13, 2.20313e+13
0.0986803, 5.11874e+20, 1.99914, 2492.15, -1347.95, 1.9, -0.00765445, 5.20634e+13, 2.20992e+13
0.0988682, 5.1197e+20, 1.99914, 2491.89, -1353.23, 1.9, -0.00768218, 5.22538e+13, 2.22433e+13
0.0990562, 5.12066e+20, 1.99914, 2491.64, -1358.55, 1.9, -0.00771019, 5.24461e+13, 2.21872e+13
0.0992442, 5.12161e+20, 1.99914, 2491.38, -1363.93, 1.9, -0.00773849, 5.26403e+13, 2.23863e+13
0.0994321, 5.12256e+20, 1.99914, 2491.13, -1369.37, 1.9, -0.00776709, 5.28364e+13, 2.23462e+13
0.0996201, 5.12349e+20, 1.99914, 2490.87, -1374.85, 1.9, -0.00779598, 5.30344e+13, 2.24042e+13
0.0998081, 5.12442e+20, 1.99914, 2490.61, -1380.4, 1.9, -0.00782517, 5.32344e+13, 2.24945e+13
0.099996, 5.12534e+20, 1.99914, 2490.35, -1385.99, 1.9, -0.00785468, 5.34363e+13, 2.24922e+13
0.100184, 5.12626e+20, 1.99914, 2490.09, -1391.66, 1.9, -0.00788456, 5.36407e+13, 2.26143e+13
0.100372, 5.12716e+20, 1.99914, 2489.83, -1397.39, 1.9, -0.0079148, 5.38475e+13, 2.26557e+13
0.10056, 5.12805e+20, 1.99914, 2489.56, -1403.19, 1.9, -0.00794542, 5.40566e+13, 2.26842e+13
0.100748, 5.12893e+20, 1.99914, 2489.3, -1409.05, 1.9, -0.00797641, 5.42681e+13, 2.2796e+13
0.100936, 5.12981e+20, 1.99914, 2489.03, -1414.99, 1.9, -0.00800777, 5.44821e+13, 2.27918e+13
0.101124, 5.13067e+20, 1.99914, 2488.77, -1420.98, 1.9, -0.00803951, 5.46984e+13, 2.28957e+13
0.101312, 5.13152e+20, 1.99914, 2488.5, -1427.05, 1.9, -0.00807161, 5.4917e+13, 2.29392e+13
0.1015, 5.13235e+20, 1.99914, 2488.23, -1433.18, 1.9, -0.00810409, 5.51381e+13, 2.29895e+13
0.101688, 5.13318e+20, 1.99914, 2487.96, -1439.38, 1.9, -0.00813695, 5.53615e+13, 2.30899e+13
0.101876, 5.13399e+20, 1.99914, 2487.69, -1445.64, 1.9, -0.00817018, 5.55872e+13, 2.30109e+13
0.102064, 5.13478e+20, 1.99914, 2487.42, -1451.97, 1.9, -0.00820378, 5.58154e+13, 2.32419e+13
0.102252, 5.13557e+20, 1.99914, 2487.14, -1458.37, 1.9, -0.0082378, 5.60461e+13, 2.3129e+13
0.10244, 5.13633e+20, 1.99914, 2486.87, -1464.86, 1.9, -0.00827227, 5.62797e+13, 2.31427e+13
0.102627, 5.13709e+20, 1.99914, 2486.59, -1471.41, 1.9, -0.00830713, 5.65158e+13, 2.35071e+13
0.102815, 5.13782e+20, 1.99914, 2486.32, -1478.04, 1.9, -0.00834242, 5.67545e+13, 2.31088e+13
0.103003, 5.13855e+20, 1.99914, 2486.04, -1484.74, 1.9, -0.00837813, 5.69959e+13, 2.38421e+13
0.103191, 5.13925e+20, 1.99914, 2485.76, -1491.51, 1.9, -0.00841426, 5.72399e+13, 2.31626e+13
0.103379, 5.13994e+20, 1.99914, 2485.48, -1498.37, 1.9, -0.00845082, 5.74866e+13, 2.31937e+13
0.103567, 5.14061e+20, 1.99914, 2485.19, -1505.29, 1.9, -0.00848781, 5.77359e+13, 2.42785e+13
0.103755, 5.14127e+20, 1.99914, 2484.91, -1512.29, 1.9, -0.00852522, 5.79878e+13, 2.31191e+13
0.103943, 5.14191e+20, 1.99914, 2484.63, -1519.37, 1.9, -0.00856305, 5.82424e+13, 2.46897e+13
0.104131, 5.14253e+20, 1.99914, 2484.34, -1526.51, 1.9, -0.00860132, 5.84996e+13, 2.31163e+13
0.104319, 5.14313e+20, 1.99914, 2484.05, -1533.75, 1.9, -0.00864009, 5.876e+13, 2.31901e+13
0.104507, 5.14371e+20, 1.99914, 2483.76, -1541.11, 1.9, -0.00867954, 5.90247e+13, 2.49656e+13
0.104695, 5.14427e+20, 1.99914, 2483.47, -1548.59, 1.9, -0.00871967, 5.92937e+13, 2.30219e+13
0.104883, 5.14482e+20, 1.99914, 2483.18, -1556.18, 1.9, -0.00876049, 5.9567e+13, 2.58491e+13
0.105071, 5.14534e+20, 1.99914, 2482.89, -1563.9, 1.9, -0.00880198, 5.98446e+13, 2.29733e+13
0.105259, 5.14584e+20, 1.99914, 2482.59, -1571.73, 1.9, -0.00884416, 6.01265e+13, 2.30295e+13
0.105447, 5.14631e+20, 1.99914, 2482.3, -1579.68, 1.9, -0.00888703, 6.04127e+13, 2.61299e+13
0.105635, 5.14676e+20, 1.99914, 2482, -1587.75, 1.9, -0.00893059, 6.07031e+13, 2.27766e+13
0.105823, 5.14718e+20, 1.99914, 2481.7, -1595.94, 1.9, -0.00897483, 6.09979e+13, 2.65978e+13
0.106011, 5.14758e+20, 1.99914, 2481.4, -1604.26, 1.9, -0.0090198, 6.12971e+13, 2.3047e+13
0.106199, 5.14795e+20, 1.99914, 2481.1, -1612.68, 1.9, -0.00906543, 6.16003e+13, 2.30594e+13
0.106387, 5.1483e+20, 1.99914, 2480.79, -1621.23, 1.9, -0.00911173, 6.19078e+13, 2.66387e+13
0.106575, 5.14861e+20, 1.99914, 2480.49, -1629.85, 1.9, -0.00915849, 6.22177e+13, 2.25743e+13
0.106763, 5.1489e+20, 1.99914, 2480.18, -1638.53, 1.9, -0.00920561, 6.25297e+13, 2.75566e+13
0.106951, 5.14916e+20, 1.99914, 2479.87, -1647.27, 1.9, -0.00925309, 6.28437e+13, 2.29986e+13
0.107139, 5.1494e+20, 1.99914, 2479.56, -1656.07, 1.9, -0.00930094, 6.31597e+13, 2.30156e+13
0.107327, 5.14961e+20, 1.99914, 2479.25, -1664.93, 1.9, -0.00934915, 6.34777e+13, 2.8252e+13
0.107515, 5.1498e+20, 1.99914, 2478.94, -1673.85, 1.9, -0.00939772, 6.37977e+13, 2.31132e+13
0.107702, 5.14997e+20, 1.99914, 2478.62, -1682.84, 1.9, -0.00944664, 6.41197e+13, 2.74829e+13
0.10789, 5.15012e+20, 1.99914, 2478.3, -1691.88, 1.9, -0.00949593, 6.44437e+13, 2.38528e+13
0.108078, 5.15025e+20, 1.99914, 2477.98, -1700.99, 1.9, -0.00954556, 6.47697e+13, 2.43356e+13
0.108266, 5.15036e+20, 1.99914, 2477.66, -1710.15, 1.9, -0.00959555, 6.50977e+13, 2.6728e+13
0.108454, 5.15045e+20, 1.99914, 2477.34, -1719.38, 1.9, -0.00964589, 6.54276e+13, 2.3994e+13
0.108642, 5.15053e+20, 1.99914, 2477.02, -1728.66, 1.9, -0.00969653, 6.57592e+13, 2.61988e+13
0.10883, 5.15059e+20, 1.99914, 2476.69, -1737.97, 1.9, -0.00974736, 6.60916e+13, 2.49431e+13
0.109018, 5.15064e+20, 1.99914, 2476.36, -1747.31, 1.9, -0.00979837, 6.6425e+13, 2.45259e+13
0.109206, 5.15068e+20, 1.99914, 2476.03, -1756.69, 1.9, -0.00984957, 6.67593e+13, 2.70613e+13
0.109394, 5.15071e+20, 1.99914, 2475.7, -1766.1, 1.9, -0.00990095, 6.70945e+13, 2.53792e+13
0.109582, 5.15073e+20, 1.99914, 2475.37, -1775.55, 1.9, -0.00995251, 6.74306e+13, 2.61376e+13
0.10977, 5.15075e+20, 1.99914, 2475.04, -1785.03, 1.9, -0.0100043, 6.77677e+13, 2.63148e+13
0.109958, 5.15076e+20, 1.99914, 2474.7, -1794.54, 1.9, -0.0100562, 6.81056e+13, 2.65585e+13
0.110146, 5.15077e+20, 1.99914, 2474.36, -1804.08, 1.9, -0.0101082, 6.84443e+13, 2.45376e+13
0.110334, 5.15078e+20, 1.99914, 2474.02, -1813.65, 1.9, -0.0101605, 6.87839e+13, 2.75364e+13
0.110522, 5.15079e+20, 1.99914, 2473.68, -1823.26, 1.9, -0.0102129, 6.91244e+13, 2.35195e+13
0.11071, 5.1508e+20, 1.99914, 2473.34, -1832.9, 1.9, -0.0102655, 6.94659e+13, 2.83283e+13
0.110898, 5.15081e+20, 1.99914, 2472.99, -1842.63, 1.9, -0.0103185, 6.98103e+13, 2.88249e+13
0.111086, 5.15082e+20, 1.99914, 2472.64, -1852.46, 1.9, -0.010372, 7.01581e+13, 2.1925e+13
0.111274, 5.15084e+20, 1.99914, 2472.29, -1862.39, 1.9, -0.0104261, 7.05092e+13, 3.07188e+13
0.111462, 5.15086e+20, 1.99914, 2471.94, -1872.42, 1.9, -0.0104807, 7.08638e+13, 2.16344e+13
0.11165, 5.15088e+20, 1.99914, 2471.59, -1882.55, 1.9, -0.0105359, 7.12218e+13, 3.01302e+13
0.111838, 5.1509e+20, 1.99914, 2471.24, -1892.78, 1.9, -0.0105916, 7.15831e+13, 3.11497e+13
0.112026, 5.15092e+20, 1.99914, 2470.88, -1903.11, 1.9, -0.0106478, 7.19478e+13, 1.96729e+13
0.112214, 5.15094e+20, 1.99914, 2470.52, -1913.54, 1.9, -0.0107046, 7.23159e+13, 3.3639e+13
0.112402, 5.15096e+20, 1.99914, 2470.16, -1924.07, 1.9, -0.0107619, 7.26874e+13, 1.8732e+13
0.11259, 5.15098e+20, 1.99914, 2469.8, -1934.71, 1.9, -0.0108197, 7.30621e+13, 3.2317e+13
0.112777, 5.151e+20, 1.99914, 2469.43, -1945.44, 1.9, -0.0108781, 7.34403e+13, 3.34111e+13
0.112965, 5.15102e+20, 1.99914, 2469.07, -1956.27, 1.9, -0.010937, 7.38218e+13, 1.41008e+13
0.113153, 5.15104e+20, 1.99914, 2468.7, -1967.2, 1.9, -0.0109964, 7.42066e+13, 3.44962e+13
0.113341, 5.15105e+20, 1.99914, 2468.33, -1978.24, 1.9, -0.0110564, 7.4595e+13, 1.90429e+13
0.113529, 5.15107e+20, 1.99914, 2467.95, -1989.37, 1.9, -0.011117, 7.49865e+13, 3.17482e+13
0.113717, 5.15108e+20, 1.99914, 2467.58, -2000.61, 1.9, -0.011178, 7.53813e+13, 3.11329e+13
0.113905, 5.15109e+20, 1.99914, 2467.2, -2011.94, 1.9, -0.0112396, 7.57795e+13, 1.84182e+13
0.114093, 5.1511e+20, 1.99913, 2466.82, -2023.38, 1.9, -0.0113017, 7.61809e+13, 3.20637e+13
0.114281, 5.15111e+20, 1.99913, 2466.44, -2034.92, 1.9, -0.0113644, 7.65857e+13, 2.30939e+13
0.114469, 5.15112e+20, 1.99913, 2466.06, -2046.55, 1.9, -0.0114276, 7.69937e+13, 3.00343e+13
0.114657, 5.15113e+20, 1.99913, 2465.67, -2058.29, 1.9, -0.0114913, 7.7405e+13, 3.31876e+13
0.114845, 5.15114e+20, 1.99913, 2465.28, -2070.13, 1.9, -0.0115555, 7.78196e+13, 2.7408e+13
0.115033, 5.15115e+20, 1.99913, 2464.89, -2082.07, 1.9, -0.0116203, 7.82375e+13, 2.58967e+13
0.115221, 5.15116e+20, 1.99913, 2464.5, -2094.13, 1.9, -0.0116858, 7.86595e+13, 3.08917e+13
0.115409, 5.15117e+20, 1.99913, 2464.11, -2106.33, 1.9, -0.011752, 7.9086e+13, 2.63942e+13
0.115597, 5.15118e+20, 1.99913, 2463.71, -2118.66, 1.9, -0.0118188, 7.95168e+13, 2.72843e+13
0.115785, 5.15119e+20, 1.99913, 2463.31, -2131.12, 1.9, -0.0118864, 7.99519e+13, 2.95559e+13
0.115973, 5.1512e+20, 1.99913, 2462.91, -2143.7, 1.9, -0.0119546, 8.03914e+13, 2.76452e+13
0.116161, 5.15121e+20, 1.99913, 2462.5, -2156.42, 1.9, -0.0120235, 8.08353e+13, 2.90491e+13
0.116349, 5.15121e+20, 1.99913, 2462.1, -2169.28, 1.9, -0.0120932, 8.12834e+13, 2.74816e+13
0.116537, 5.15122e+20, 1.99913, 2461.69, -2182.26, 1.9, -0.0121635, 8.17359e+13, 2.78685e+13
0.116725, 5.15123e+20, 1.99913, 2461.28, -2195.37, 1.9, -0.0122345, 8.21927e+13, 2.88111e+13
0.116913, 5.15124e+20, 1.99913, 2460.86, -2208.61, 1.9, -0.0123062, 8.26538e+13, 2.80186e+13
0.117101, 5.15125e+20, 1.99913, 2460.45, -2222, 1.9, -0.0123787, 8.31194e+13, 2.86481e+13
0.117289, 5.15126e+20, 1.99913, 2460.03, -2235.5, 1.9, -0.0124518, 8.35889e+13, 2.83454e+13
0.117477, 5.15127e+20, 1.99913, 2459.61, -2249.11, 1.9, -0.0125254, 8.4062e+13, 2.83985e+13
0.117664, 5.15128e+20, 1.99913, 2459.18, -2262.85, 1.9, -0.0125997, 8.45389e+13, 2.87806e+13
0.117852, 5.15128e+20, 1.99913, 2458.75, -2276.7, 1.9, -0.0126746, 8.50195e+13, 2.87396e+13
0.11804, 5.15129e+20, 1.99913, 2458.33, -2290.67, 1.9, -0.0127502, 8.55038e+13, 2.88264e+13
0.118228, 5.1513e+20, 1.99913, 2457.89, -2304.75, 1.9, -0.0128263, 8.59918e+13, 2.87822e+13
0.118416, 5.15131e+20, 1.99913, 2457.46, -2318.96, 1.9, -0.012903, 8.64834e+13, 2.89635e+13
0.118604, 5.15132e+20, 1.99913, 2457.02, -2333.28, 1.9, -0.0129803, 8.69788e+13, 2.88198e+13
0.118792, 5.15133e+20, 1.99913, 2456.58, -2347.71, 1.9, -0.0130583, 8.74777e+13, 2.91222e+13
0.11898, 5.15134e+20, 1.99913, 2456.14, -2362.26, 1.9, -0.0131368, 8.79803e+13, 2.89952e+13
0.119168, 5.15135e+20, 1.99913, 2455.69, -2376.93, 1.9, -0.013216, 8.84866e+13, 2.91751e+13
0.119356, 5.15136e+20, 1.99913, 2455.25, -2391.73, 1.9, -0.0132958, 8.89968e+13, 2.92976e+13
0.119544, 5.15138e+20, 1.99913, 2454.79, -2406.76, 1.9, -0.0133769, 8.9515e+13, 2.92123e+13
0.119732, 5.15139e+20, 1.99913, 2454.34, -2422.06, 1.9, -0.0134594, 9.00423e+13, 2.94394e+13
0.11992, 5.1514e+20, 1.99913, 2453.88, -2437.63, 1.9, -0.0135433, 9.05789e+13, 2.94236e+13
0.120108, 5.15141e+20, 1.99913, 2453.42, -2453.46, 1.9, -0.0136287, 9.11247e+13, 2.9487e+13
0.120296, 5.15143e+20, 1.99913, 2452.96, -2469.57, 1.9, -0.0137156, 9.16796e+13, 2.96255e+13
0.120484, 5.15144e+20, 1.99913, 2452.5, -2485.94, 1.9, -0.0138038, 9.22436e+13, 2.9641e+13
0.120672, 5.15145e+20, 1.99913, 2452.03, -2502.59, 1.9, -0.0138936, 9.2817e+13, 2.97194e+13
0.12086, 5.15147e+20, 1.99913, 2451.56, -2519.5, 1.9, -0.0139848, 9.33992e+13, 2.98264e+13
0.121048, 5.15148e+20, 1.99913, 2451.08, -2536.68, 1.9, -0.0140773, 9.39904e+13, 2.98246e+13
0.121236, 5.15149e+20, 1.99913, 2450.6, -2554.12, 1.9, -0.0141713, 9.45907e+13, 2.9878e+13
0.121424, 5.15151e+20, 1.99913, 2450.12, -2571.84, 1.9, -0.0142668, 9.51999e+13, 3.02197e+13
0.121612, 5.15152e+20, 1.99913, 2449.63, -2589.66, 1.9, -0.0143628, 9.58122e+13, 3.00137e+13
0.1218, 5.15153e+20, 1.99913, 2449.15, -2607.31, 1.9, -0.0144578, 9.64173e+13, 3.03212e+13
0.121988, 5.15155e+20, 1.99913, 2448.65, -2624.79, 1.9, -0.0145517, 9.70149e+13, 3.01356e+13
0.122176, 5.15156e+20, 1.99913, 2448.16, -2642.09, 1.9, -0.0146446, 9.7605e+13, 3.01626e+13
0.122364, 5.15158e+20, 1.99913, 2447.66, -2659.21, 1.9, -0.0147365, 9.81876e+13, 3.07197e+13
0.122552, 5.15159e+20, 1.99913, 2447.16, -2676.16, 1.9, -0.0148273, 9.87627e+13, 3.03084e+13
0.122739, 5.15161e+20, 1.99913, 2446.66, -2692.93, 1.9, -0.0149171, 9.93304e+13, 3.08095e+13
0.122927, 5.15163e+20, 1.99913, 2446.15, -2709.53, 1.9, -0.0150059, 9.98907e+13, 3.04808e+13
0.123115, 5.15166e+20, 1.99913, 2445.64, -2725.94, 1.9, -0.0150936, 1.00443e+14, 3.04811e+13
0.123303, 5.15169e+20, 1.99913, 2445.12, -2742.18, 1.9, -0.0151802, 1.00989e+14, 3.12226e+13
0.123491, 5.15172e+20, 1.99913, 2444.61, -2758.25, 1.9, -0.0152658, 1.01527e+14, 3.06463e+13
0.123679, 5.15175e+20, 1.99913, 2444.09, -2774.24, 1.9, -0.015351, 1.02061e+14, 3.11881e+13
0.123867, 5.15179e+20, 1.99913, 2443.56, -2791.45, 1.9, -0.0154428, 1.02639e+14, 3.08876e+13
0.124055, 5.15183e+20, 1.99913, 2443.04, -2810.27, 1.9, -0.0155434, 1.03276e+14, 3.0871e+13
0.124243, 5.15187e+20, 1.99913, 2442.51, -2830.71, 1.9, -0.0156529, 1.0397e+14, 3.15447e+13
0.124431, 5.15192e+20, 1.99913, 2441.97, -2852.75, 1.9, -0.0157713, 1.04723e+14, 3.09683e+13
0.124619, 5.15196e+20, 1.99913, 2441.43, -2876.4, 1.9, -0.0158984, 1.05533e+14, 3.15811e+13
0.124807, 5.15199e+20, 1.99913, 2440.89, -2901.66, 1.9, -0.0160343, 1.064e+14, 3.12469e+13
0.124995, 5.15203e+20, 1.99913, 2440.34, -2928.52, 1.9, -0.016179, 1.07325e+14, 3.12512e+13
0.125183, 5.15206e+20, 1.99913, 2439.79, -2956.99, 1.9, -0.0163325, 1.08307e+14, 3.21606e+13
0.125371, 5.15208e+20, 1.99913, 2439.23, -2987.07, 1.9, -0.0164948, 1.09346e+14, 3.14588e+13
0.125559, 5.15209e+20, 1.99913, 2438.67, -3018.76, 1.9, -0.0166659, 1.10442e+14, 3.19284e+13
0.125747, 5.15209e+20, 1.99913, 2438.1, -3052.06, 1.9, -0.0168458, 1.11595e+14, 3.16862e+13
0.125935, 5.15208e+20, 1.99913, 2437.52, -3085.26, 1.9, -0.017025, 1.12742e+14, 3.16273e+13
0.126123, 5.15206e+20, 1.99913, 2436.94, -3115.18, 1.9, -0.0171861, 1.13768e+14, 3.20071e+13
0.126311, 5.15202e+20, 1.99913, 2436.35, -3141.75, 1.9, -0.0173286, 1.14669e+14, 3.20962e+13
0.126499, 5.15196e+20, 1.99913, 2435.76, -3164.96, 1.9, -0.0174526, 1.15446e+14, 3.21255e+13
0.126687, 5.15188e+20, 1.99913, 2435.16, -3184.81, 1.9, -0.017558, 1.16098e+14, 3.2224e+13
0.126875, 5.15178e+20, 1.99913, 2434.56, -3201.3, 1.9, -0.0176449, 1.16628e+14, 3.23314e+13
0.127063, 5.15164e+20, 1.99913, 2433.96, -3214.44, 1.9, -0.0177134, 1.17034e+14, 3.23601e+13
0.127251, 5.15148e+20, 1.99913, 2433.35, -3224.63, 1.9, -0.0177657, 1.17332e+14, 3.24686e+13
0.127439, 5.15128e+20, 1.99913, 2432.74, -3238.79, 1.9, -0.01784, 1.17774e+14, 3.24724e+13
0.127627, 5.15105e+20, 1.99913, 2432.13, -3259.43, 1.9, -0.0179499, 1.1845e+14, 3.26811e+13
0.127814, 5.1508e+20, 1.99913, 2431.52, -3286.55, 1.9, -0.0180956, 1.1936e+14, 3.26445e+13
0.128002, 5.15052e+20, 1.99913, 2430.9, -3318.09, 1.9, -0.0182656, 1.20429e+14, 3.27975e+13
0.12819, 5.15022e+20, 1.99913, 2430.27, -3348.62, 1.9, -0.0184299, 1.21458e+14, 3.30069e+13
0.128378, 5.1499e+20, 1.99913, 2429.64, -3377.87, 1.9, -0.0185873, 1.2244e+14, 3.26675e+13
0.128566, 5.14956e+20, 1.99913, 2429, -3405.89, 1.9, -0.0187378, 1.23374e+14, 3.32389e+13
0.128754, 5.1492e+20, 1.99913, 2428.36, -3434.04, 1.9, -0.018889, 1.24312e+14, 3.31206e+13
0.128942, 5.14881e+20, 1.99913, 2427.71, -3463.02, 1.9, -0.0190447, 1.25277e+14, 3.31917e+13
0.12913, 5.14841e+20, 1.99913, 2427.06, -3492.83, 1.9, -0.019205, 1.26271e+14, 3.35347e+13
0.129318, 5.14798e+20, 1.99913, 2426.4, -3523.37, 1.9, -0.0193693, 1.27288e+14, 3.28522e+13
0.129506, 5.14754e+20, 1.99913, 2425.73, -3554.25, 1.9, -0.0195353, 1.28316e+14, 3.37527e+13
0.129694, 5.14708e+20, 1.99913, 2425.06, -3585.41, 1.9, -0.0197029, 1.29351e+14, 3.35574e+13
0.129882, 5.1466e+20, 1.99913, 2424.38, -3616.87, 1.9, -0.0198721, 1.30395e+14, 3.35951e+13
0.13007, 5.14611e+20, 1.99913, 2423.7, -3648.73, 1.9, -0.0200434, 1.31451e+14, 3.41672e+13
0.130258, 5.1456e+20, 1.99913, 2423.01, -3681.04, 1.9, -0.0202172, 1.32521e+14, 3.30171e+13
0.130446, 5.14507e+20, 1.99913, 2422.32, -3713.83, 1.9, -0.0203935, 1.33606e+14, 3.4294e+13
0.130634, 5.14453e+20, 1.99913, 2421.62, -3747.08, 1.9, -0.0205723, 1.34704e+14, 3.40133e+13
0.130822, 5.14398e+20, 1.99913, 2420.91, -3780.78, 1.9, -0.0207535, 1.35816e+14, 3.4013e+13
0.13101, 5.14341e+20, 1.99913, 2420.19, -3814.93, 1.9, -0.0209371, 1.36942e+14, 3.4634e+13
0.131198, 5.14283e+20, 1.99913, 2419.47, -3849.53, 1.9, -0.0211231, 1.38081e+14, 3.33562e+13
0.131386, 5.14224e+20, 1.99913, 2418.75, -3884.6, 1.9, -0.0213115, 1.39235e+14, 3.47877e+13
0.131574, 5.14163e+20, 1.99913, 2418.01, -3920.17, 1.9, -0.0215027, 1.40403e+14, 3.44439e+13
0.131762, 5.14102e+20, 1.99913, 2417.27, -3956.22, 1.9, -0.0216964, 1.41586e+14, 3.44633e+13
0.13195, 5.1404e+20, 1.99913, 2416.53, -3992.75, 1.9, -0.0218926, 1.42783e+14, 3.52069e+13
0.132138, 5.13976e+20, 1.99913, 2415.77, -4029.79, 1.9, -0.0220915, 1.43995e+14, 3.3711e+13
0.132326, 5.13912e+20, 1.99913, 2415.01, -4067.35, 1.9, -0.0222932, 1.45223e+14, 3.52873e+13
0.132514, 5.13847e+20, 1.99913, 2414.24, -4105.41, 1.9, -0.0224975, 1.46465e+14, 3.48218e+13
0.132701, 5.13782e+20, 1.99913, 2413.47, -4144.01, 1.9, -0.0227046, 1.47723e+14, 3.47296e+13
0.132889, 5.13715e+20, 1.99913, 2412.69, -4183.14, 1.9, -0.0229146, 1.48998e+14, 3.575e+13
0.133077, 5.13648e+20, 1.99913, 2411.9, -4222.83, 1.9, -0.0231274, 1.50288e+14, 3.37078e+13
0.133265, 5.13581e+20, 1.99913, 2411.1, -4263.06, 1.9, -0.0233431, 1.51595e+14, 3.60191e+13
0.133453, 5.13513e+20, 1.99913, 2410.29, -4303.86, 1.9, -0.0235617, 1.52918e+14, 3.53164e+13
0.133641, 5.13445e+20, 1.99913, 2409.48, -4345.24, 1.9, -0.0237834, 1.54258e+14, 3.5206e+13
0.133829, 5.13376e+20, 1.99913, 2408.66, -4387.2, 1.9, -0.0240081, 1.55615e+14, 3.6503e+13
0.134017, 5.13307e+20, 1.99913, 2407.83, -4429.74, 1.9, -0.0242358, 1.56989e+14, 3.34988e+13
0.134205, 5.13238e+20, 1.99913, 2406.99, -4472.91, 1.9, -0.0244667, 1.58381e+14, 3.68959e+13
0.134393, 5.13169e+20, 1.99913, 2406.15, -4516.69, 1.9, -0.0247009, 1.59791e+14, 3.58814e+13
0.134581, 5.131e+20, 1.99913, 2405.3, -4561.09, 1.9, -0.0249382, 1.61219e+14, 3.53448e+13
0.134769, 5.13031e+20, 1.99913, 2404.43, -4606.14, 1.9, -0.0251789, 1.62665e+14, 3.7549e+13
0.134957, 5.12962e+20, 1.99913, 2403.56, -4651.84, 1.9, -0.0254229, 1.6413e+14, 3.31297e+13
0.135145, 5.12893e+20, 1.99913, 2402.69, -4698.2, 1.9, -0.0256703, 1.65615e+14, 3.77597e+13
0.135333, 5.12824e+20, 1.99913, 2401.8, -4745.25, 1.9, -0.0259213, 1.67119e+14, 3.64736e+13
0.135521, 5.12756e+20, 1.99913, 2400.9, -4792.97, 1.9, -0.0261757, 1.68642e+14, 3.58523e+13
0.135709, 5.12688e+20, 1.99913, 2400, -4841.4, 1.9, -0.0264338, 1.70186e+14, 3.88685e+13
0.135897, 5.1262e+20, 1.99913, 2399.08, -4890.53, 1.9, -0.0266953, 1.71749e+14, 3.30734e+13
0.136085, 5.12553e+20, 1.99913, 2398.16, -4940.39, 1.9, -0.0269606, 1.73333e+14, 3.75842e+13
0.136273, 5.12487e+20, 1.99913, 2397.22, -4990.99, 1.9, -0.0272297, 1.74938e+14, 3.75588e+13
0.136461, 5.12421e+20, 1.99913, 2396.28, -5042.35, 1.9, -0.0275026, 1.76564e+14, 3.46834e+13
0.136649, 5.12355e+20, 1.99913, 2395.33, -5094.46, 1.9, -0.0277793, 1.78212e+14, 3.85858e+13
0.136837, 5.12291e+20, 1.99913, 2394.37, -5147.36, 1.9, -0.0280601, 1.79881e+14, 3.44562e+13
0.137025, 5.12227e+20, 1.99913, 2393.39, -5201.07, 1.9, -0.0283448, 1.81574e+14, 3.83894e+13
0.137213, 5.12165e+20, 1.99913, 2392.41, -5255.57, 1.9, -0.0286336, 1.83288e+14, 3.73495e+13
0.137401, 5.12103e+20, 1.99913, 2391.42, -5310.91, 1.9, -0.0289266, 1.85026e+14, 3.64959e+13
0.137589, 5.12042e+20, 1.99913, 2390.41, -5367.11, 1.9, -0.0292239, 1.86788e+14, 3.919e+13
0.137776, 5.11982e+20, 1.99913, 2389.4, -5424.17, 1.9, -0.0295255, 1.88573e+14, 3.46035e+13
0.137964, 5.11924e+20, 1.99913, 2388.38, -5482.09, 1.9, -0.0298314, 1.90383e+14, 3.89529e+13
0.138152, 5.11867e+20, 1.99913, 2387.34, -5540.92, 1.9, -0.0301419, 1.92218e+14, 3.79192e+13
0.13834, 5.11811e+20, 1.99913, 2386.29, -5600.68, 1.9, -0.0304569, 1.94077e+14, 3.74159e+13
0.138528, 5.11756e+20, 1.99913, 2385.23, -5661.35, 1.9, -0.0307764, 1.95962e+14, 4.00617e+13
0.138716, 5.11703e+20, 1.99913, 2384.16, -5722.97, 1.9, -0.0311007, 1.97873e+14, 3.45014e+13
0.138904, 5.11651e+20, 1.99913, 2383.08, -5785.62, 1.9, -0.0314301, 1.99813e+14, 3.98324e+13
0.139092, 5.11601e+20, 1.99913, 2381.99, -5849.24, 1.9, -0.0317642, 2.01778e+14, 3.81918e+13
0.13928, 5.11552e+20, 1.99913, 2380.88, -5913.85, 1.9, -0.0321032, 2.0377e+14, 3.68633e+13
0.139468, 5.11506e+20, 1.99913, 2379.77, -5979.48, 1.9, -0.0324472, 2.0579e+14, 4.16318e+13
0.139656, 5.11461e+20, 1.99913, 2378.64, -6046.14, 1.9, -0.0327962, 2.07837e+14, 3.3614e+13
0.139844, 5.11418e+20, 1.99913, 2377.49, -6113.82, 1.9, -0.0331502, 2.09911e+14, 4.11633e+13
0.140032, 5.11376e+20, 1.99913, 2376.34, -6182.61, 1.9, -0.0335097, 2.12015e+14, 3.92188e+13
0.14022, 5.11337e+20, 1.99913, 2375.17, -6252.69, 1.9, -0.0338754, 2.14155e+14, 3.7326e+13
0.140408, 5.113e+20, 1.99913, 2373.99, -6324.05, 1.9, -0.0342474, 2.1633e+14, 4.26353e+13
0.140596, 5.11265e+20, 1.99913, 2372.79, -6396.67, 1.9, -0.0346257, 2.18539e+14, 3.46331e+13
0.140784, 5.11232e+20, 1.99913, 2371.58, -6470.16, 1.9, -0.0350079, 2.20768e+14, 4.09712e+13
0.140972, 5.11201e+20, 1.99913, 2370.36, -6544.32, 1.9, -0.035393, 2.2301e+14, 4.15634e+13
0.14116, 5.11172e+20, 1.99913, 2369.12, -6619.17, 1.9, -0.0357811, 2.25267e+14, 3.77454e+13
0.141348, 5.11146e+20, 1.99913, 2367.87, -6695.36, 1.9, -0.0361757, 2.27559e+14, 3.82108e+13
0.141536, 5.11123e+20, 1.99913, 2366.6, -6774.77, 1.9, -0.0365869, 2.2995e+14, 3.74433e+13
0.141724, 5.11102e+20, 1.99913, 2365.32, -6857.55, 1.9, -0.0370154, 2.32445e+14, 4.05181e+13
0.141912, 5.11083e+20, 1.99913, 2364.03, -6943.58, 1.9, -0.0374606, 2.35039e+14, 4.00872e+13
0.1421, 5.11067e+20, 1.99913, 2362.71, -7026.94, 1.9, -0.0378905, 2.3753e+14, 3.79977e+13
0.142288, 5.11054e+20, 1.99913, 2361.39, -7104.13, 1.9, -0.0382861, 2.39802e+14, 4.09355e+13
0.142476, 5.11044e+20, 1.99913, 2360.04, -7175.12, 1.9, -0.0386475, 2.41855e+14, 3.82964e+13
0.142664, 5.11036e+20, 1.99913, 2358.69, -7246.18, 1.9, -0.0390084, 2.43899e+14, 4.08963e+13
0.142851, 5.11032e+20, 1.99913, 2357.32, -7343.49, 1.9, -0.0395096, 2.46816e+14, 4.03582e+13
0.143039, 5.11031e+20, 1.99913, 2355.93, -7470.08, 1.9, -0.0401671, 2.507e+14, 3.93365e+13
0.143227, 5.11031e+20, 1.99913, 2354.51, -7625.76, 1.9, -0.0409794, 2.5554e+14, 4.12567e+13
0.143415, 5.11034e+20, 1.99913, 2353.06, -7738.13, 1.9, -0.0415576, 2.58908e+14, 3.90277e+13
0.143603, 5.11037e+20, 1.99913, 2351.61, -7743.3, 1.9, -0.0415594, 2.5868e+14, 4.02196e+13
0.143791, 5.1104e+20, 1.99913, 2350.14, -7840.53, 1.9, -0.0420548, 2.6152e+14, 4.06704e+13
0.143979, 5.11042e+20, 1.99913, 2348.66, -7942.67, 1.9, -0.0425755, 2.64509e+14, 4.06909e+13
0.144167, 5.11045e+20, 1.99913, 2347.16, -8047.57, 1.9, -0.04311, 2.67575e+14, 4.07641e+13
0.144355, 5.11047e+20, 1.99913, 2345.63, -8154.39, 1.9, -0.0436537, 2.70686e+14, 4.11356e+13
0.144543, 5.11049e+20, 1.99913, 2344.09, -8263.55, 1.9, -0.0442088, 2.73859e+14, 4.06703e+13
0.144731, 5.11052e+20, 1.99913, 2342.53, -8375.06, 1.9, -0.0447752, 2.77092e+14, 4.07907e+13
0.144919, 5.11054e+20, 1.99913, 2340.94, -8489.23, 1.9, -0.0453547, 2.80395e+14, 4.21103e+13
0.145107, 5.11056e+20, 1.99913, 2339.33, -8605.69, 1.9, -0.0459452, 2.83754e+14, 4.06404e+13
0.145295, 5.11058e+20, 1.99913, 2337.71, -8725.07, 1.9, -0.0465499, 2.8719e+14, 4.16285e+13
0.145483, 5.1106e+20, 1.99913, 2336.05, -8846.84, 1.9, -0.0471661, 2.90684e+14, 4.15223e+13
0.145671, 5.11062e+20, 1.99913, 2334.38, -8971.57, 1.9, -0.0477966, 2.94254e+14, 4.10971e+13
0.145859, 5.11064e+20, 1.99913, 2332.68, -9099.04, 1.9, -0.0484403, 2.97892e+14, 4.28068e+13
0.146047, 5.11065e+20, 1.99913, 2330.96, -9229.43, 1.9, -0.049098, 3.01604e+14, 4.12509e+13
0.146235, 5.11067e+20, 1.99913, 2329.21, -9362.95, 1.9, -0.0497707, 3.05394e+14, 4.20208e+13
0.146423, 5.11069e+20, 1.99913, 2327.44, -9499.6, 1.9, -0.0504586, 3.09262e+14, 4.22034e+13
0.146611, 5.1107e+20, 1.99913, 2325.64, -9639.62, 1.9, -0.0511626, 3.13214e+14, 4.18579e+13
0.146799, 5.11072e+20, 1.99913, 2323.82, -9782.76, 1.9, -0.0518814, 3.17242e+14, 4.26203e+13
0.146987, 5.11073e+20, 1.99913, 2321.96, -9929.69, 1.9, -0.0526185, 3.21365e+14, 4.2254e+13
0.147175, 5.11074e+20, 1.99913, 2320.08, -10079.8, 1.9, -0.0533705, 3.25563e+14, 4.22972e+13
0.147363, 5.11076e+20, 1.99913, 2318.17, -10233.9, 1.9, -0.0541419, 3.29862e+14, 4.2518e+13
0.147551, 5.11077e+20, 1.99913, 2316.23, -10391.9, 1.9, -0.0549314, 3.34253e+14, 4.2577e+13
0.147738, 5.11078e+20, 1.99913, 2314.27, -10553.7, 1.9, -0.0557394, 3.38738e+14, 4.27816e+13
0.147926, 5.11079e+20, 1.99913, 2312.27, -10719.6, 1.9, -0.0565666, 3.43321e+14, 4.30473e+13
0.148114, 5.11081e+20, 1.99913, 2310.24, -10889.8, 1.9, -0.0574138, 3.48005e+14, 4.27901e+13
0.148302, 5.11082e+20, 1.99913, 2308.17, -11064.5, 1.9, -0.0582826, 3.52799e+14, 4.33061e+13
0.14849, 5.11083e+20, 1.99913, 2306.08, -11243.7, 1.9, -0.0591729, 3.57701e+14, 4.33516e+13
0.148678, 5.11084e+20, 1.99913, 2303.95, -11427.6, 1.9, -0.0600849, 3.62711e+14, 4.33069e+13
0.148866, 5.11085e+20, 1.99913, 2301.78, -11616.4, 1.9, -0.0610199, 3.67837e+14, 4.36664e+13
0.149054, 5.11086e+20, 1.99913, 2299.58, -11810.2, 1.9, -0.0619789, 3.73082e+14, 4.34567e+13
0.149242, 5.11087e+20, 1.99913, 2297.34, -12009.4, 1.9, -0.0629628, 3.78453e+14, 4.38349e+13
0.14943, 5.11088e+20, 1.99913, 2295.06, -12214.3, 1.9, -0.0639733, 3.83956e+14, 4.39431e+13
0.149618, 5.11088e+20, 1.99913, 2292.75, -12424.6, 1.9, -0.0650088, 3.89581e+14, 4.3963e+13
0.149806, 5.11089e+20, 1.99913, 2290.39, -12641.1, 1.9, -0.0660738, 3.95354e+14, 4.4149e+13
0.149994, 5.1109e+20, 1.99913, 2288, -12863.6, 1.9, -0.0671664, 4.01262e+14, 4.41568e+13
0.150182, 5.11091e+20, 1.99913, 2285.56, -13092.9, 1.9, -0.0682906, 4.07325e+14, 4.44009e+13
0.15037, 5.11092e+20, 1.99913, 2283.07, -13328.6, 1.9, -0.0694444, 4.13534e+14, 4.45578e+13
0.150558, 5.11092e+20, 1.99913, 2280.55, -13571.3, 1.9, -0.0706304, 4.19898e+14, 4.4567e+13
0.150746, 5.11093e+20, 1.99913, 2277.97, -13821.4, 1.9, -0.0718504, 4.26429e+14, 4.46969e+13
0.150934, 5.11094e+20, 1.99913, 2275.35, -14079.1, 1.9, -0.073106, 4.33132e+14, 4.49504e+13
0.151122, 5.11095e+20, 1.99913, 2272.68, -14344.5, 1.9, -0.0743965, 4.40003e+14, 4.50101e+13
0.15131, 5.11095e+20, 1.99913, 2269.96, -14618.3, 1.9, -0.0757255, 4.4706e+14, 4.51416e+13
0.151498, 5.11096e+20, 1.99913, 2267.18, -14901.1, 1.9, -0.0770962, 4.54318e+14, 4.53998e+13
0.151686, 5.11097e+20, 1.99913, 2264.35, -15192.4, 1.9, -0.078505, 4.61755e+14, 4.53537e+13
0.151874, 5.11097e+20, 1.99913, 2261.47, -15493.8, 1.9, -0.0799604, 4.69418e+14, 4.55513e+13
0.152062, 5.11098e+20, 1.99913, 2258.53, -15804.7, 1.9, -0.0814587, 4.77282e+14, 4.5819e+13
0.15225, 5.11099e+20, 1.99913, 2255.53, -16126, 1.9, -0.0830041, 4.85368e+14, 4.59018e+13
0.152438, 5.11099e+20, 1.99913, 2252.47, -16458.5, 1.9, -0.0846009, 4.93699e+14, 4.59361e+13
0.152626, 5.111e+20, 1.99913, 2249.34, -16802.2, 1.9, -0.0862474, 5.02261e+14, 4.64482e+13
0.152813, 5.11101e+20, 1.99913, 2246.15, -17158.3, 1.9, -0.0879503, 5.11089e+14, 4.62188e+13
0.153001, 5.11101e+20, 1.99913, 2242.89, -17526.8, 1.9, -0.0897085, 5.20172e+14, 4.6723e+13
0.153189, 5.11102e+20, 1.99913, 2239.56, -17908.8, 1.9, -0.0915273, 5.29538e+14, 4.67963e+13
0.153377, 5.11103e+20, 1.99913, 2236.16, -18304.9, 1.9, -0.0934098, 5.39198e+14, 4.64576e+13
0.153565, 5.11104e+20, 1.99913, 2232.68, -18716.2, 1.9, -0.09536, 5.49173e+14, 4.70888e+13
0.153753, 5.11104e+20, 1.99913, 2229.12, -19142.8, 1.9, -0.0973778, 5.59454e+14, 4.7137e+13
0.153941, 5.11105e+20, 1.99913, 2225.48, -19586.1, 1.9, -0.0994697, 5.70074e+14, 4.73792e+13
0.154129, 5.11106e+20, 1.99913, 2221.75, -20046.9, 1.9, -0.10164, 5.81049e+14, 4.76504e+13
0.154317, 5.11107e+20, 1.99913, 2217.94, -20526.2, 1.9, -0.103891, 5.92392e+14, 4.7483e+13
0.154505, 5.11108e+20, 1.99913, 2214.04, -21025.5, 1.9, -0.10623, 6.04135e+14, 4.79062e+13
0.154693, 5.11108e+20, 1.99913, 2210.04, -21545.4, 1.9, -0.10866, 6.16281e+14, 4.80977e+13
0.154881, 5.11109e+20, 1.99913, 2205.94, -22087.8, 1.9, -0.111189, 6.28868e+14, 4.82873e+13
0.155069, 5.1111e+20, 1.99913, 2201.73, -22653.9, 1.9, -0.113821, 6.41918e+14, 4.84637e+13
0.155257, 5.11111e+20, 1.99913, 2197.42, -23245.3, 1.9, -0.116564, 6.55456e+14, 4.8907e+13
0.155445, 5.11112e+20, 1.99913, 2192.99, -23863.9, 1.9, -0.119424, 6.69514e+14, 4.8824e+13
0.155633, 5.11113e+20, 1.99913, 2188.45, -24511.1, 1.9, -0.122409, 6.84114e+14, 4.91414e+13
0.155821, 5.11114e+20, 1.99913, 2183.78, -25189.7, 1.9, -0.125529, 6.99307e+14, 4.9215e+13
0.156009, 5.11115e+20, 1.99913, 2178.97, -25901.5, 1.9, -0.128792, 7.15123e+14, 4.92829e+13
0.156197, 5.11116e+20, 1.99913, 2174.04, -26649.1, 1.9, -0.132209, 7.31603e+14, 4.98433e+13
0.156385, 5.11117e+20, 1.99913, 2168.95, -27435.2, 1.9, -0.13579, 7.4879e+14, 4.97822e+13
0.156573, 5.11119e+20, 1.99913, 2163.72, -28263.5, 1.9, -0.139552, 7.66751e+14, 5.04289e+13
0.156761, 5.1112e+20, 1.99913, 2158.33, -29136.6, 1.9, -0.143504, 7.8552e+14, 5.02724e+13
0.156949, 5.11121e+20, 1.99913, 2152.76, -30059.2, 1.9, -0.147666, 8.05182e+14, 5.05578e+13
0.157137, 5.11123e+20, 1.99913, 2147.02, -31035.6, 1.9, -0.152056, 8.25805e+14, 5.09623e+13
0.157325, 5.11124e+20, 1.99913, 2141.09, -32069.9, 1.9, -0.156688, 8.47445e+14, 5.09872e+13
0.157513, 5.11126e+20, 1.99913, 2134.96, -33168.3, 1.9, -0.161591, 8.7021e+14, 5.15239e+13
0.1577, 5.11127e+20, 1.99913, 2128.62, -34336.8, 1.9, -0.166786, 8.94193e+14, 5.16835e+13
0.157888, 5.11129e+20, 1.99913, 2122.05, -35583.2, 1.9, -0.172306, 9.19517e+14, 5.18859e+13
0.158076, 5.1113e+20, 1.99913, 2115.24, -36915.8, 1.9, -0.178185, 9.46315e+14, 5.20834e+13
0.158264, 5.11132e+20, 1.99913, 2108.17, -38344.1, 1.9, -0.184459, 9.74735e+14, 5.24328e+13
0.158452, 5.11134e+20, 1.99913, 2100.82, -39879.8, 1.9, -0.191178, 1.00496e+15, 5.26287e+13
0.15864, 5.11136e+20, 1.99913, 2093.17, -41536.5, 1.9, -0.198394, 1.03721e+15, 5.29026e+13
0.158828, 5.11138e+20, 1.99913, 2085.19, -43330.6, 1.9, -0.206174, 1.07173e+15, 5.32598e+13
0.159016, 5.11139e+20, 1.99913, 2076.87, -45281.9, 1.9, -0.214597, 1.10885e+15, 5.3057e+13
0.159204, 5.11142e+20, 1.99913, 2068.16, -47414.6, 1.9, -0.223762, 1.14894e+15, 5.37174e+13
0.159392, 5.11144e+20, 1.99913, 2059.03, -49759.8, 1.9, -0.233791, 1.19251e+15, 5.38484e+13
0.15958, 5.11146e+20, 1.99913, 2049.44, -52356.9, 1.9, -0.244847, 1.24018e+15, 5.41218e+13
0.159768, 5.11148e+20, 1.99913, 2039.33, -55258.4, 1.9, -0.25714, 1.29283e+15, 5.44894e+13
0.159956, 5.11151e+20, 1.99913, 2028.64, -58536.5, 1.9, -0.270965, 1.35165e+15, 5.4542e+13
0.160144, 5.11153e+20, 1.99913, 2017.29, -62295.8, 1.9, -0.286753, 1.41843e+15, 5.47092e+13
0.160332, 5.11156e+20, 1.99913, 2005.18, -66698.3, 1.9, -0.305173, 1.49598e+15, 5.48448e+13
0.16052, 5.11158e+20, 1.99913, 1992.16, -72023.4, 1.9, -0.327396, 1.58932e+15, 5.50701e+13
0.160708, 5.11163e+20, 1.99917, 1978.01, -78873.8, 1.9, -0.355983, 1.70973e+15, 5.51336e+13
0.160896, 5.12129e+20, 2.01977, 1962.19, -91282.4, 1.9, -0.406528, 1.93085e+15, 5.54991e+13
0.161084, 5.19389e+20, 2.17373, 1943.66, -105570, 1.9, -0.447932, 2.11203e+15, 5.52133e+13
0.161272, 5.33598e+20, 2.47184, 1922.67, -117323, 1.9, -0.45827, 2.15606e+15, 5.53455e+13
0.16146, 5.5455e+20, 2.90634, 1899.76, -125940, 1.9, -0.440925, 2.08085e+15, 5.52015e+13
0.161648, 5.82036e+20, 3.46946, 1875.53, -131268, 1.9, -0.404143, 1.92209e+15, 5.57006e+13
0.161836, 6.15851e+20, 4.1534, 1850.6, -133541, 1.9, -0.357054, 1.71771e+15, 5.60591e+13
0.162024, 6.55786e+20, 4.95039, 1825.49, -133258, 1.9, -0.307161, 1.49893e+15, 5.61577e+13
0.162212, 7.01633e+20, 5.85263, 1800.63, -131056, 1.9, -0.259519, 1.28738e+15, 5.69197e+13
0.1624, 7.53185e+20, 6.85235, 1776.3, -127617, 1.9, -0.216945, 1.09575e+15, 5.76141e+13
0.162588, 8.10235e+20, 7.94176, 1752.69, -123580, 1.9, -0.180575, 9.2977e+14, 5.86283e+13
0.162775, 8.72578e+20, 9.11312, 1729.85, -119495, 1.9, -0.150467, 7.90491e+14, 5.96311e+13
0.162963, 9.40003e+20, 10.3586, 1707.74, -115794, 1.9, -0.12608, 6.7622e+14, 6.11691e+13
0.163151, 1.0123e+21, 11.6704, 1686.27, -112789, 1.9, -0.106615, 5.83925e+14, 6.24193e+13
0.163339, 1.08927e+21, 13.0407, 1665.29, -110686, 1.9, -0.0912178, 5.10149e+14, 6.39599e+13
0.163527, 1.1707e+21, 14.4618, 1644.6, -109604, 1.9, -0.0790932, 4.51531e+14, 6.51685e+13
0.163715, 1.25638e+21, 15.9259, 1624.02, -109593, 1.9, -0.0695515, 4.05058e+14, 6.66025e+13
0.163903, 1.3461e+21, 17.4252, 1603.33, -110657, 1.9, -0.0620221, 3.6816e+14, 6.80354e+13
0.164091, 1.43966e+21, 18.9519, 1582.35, -112764, 1.9, -0.0560466, 3.38707e+14, 6.95022e+13
0.164279, 1.53685e+21, 20.4982, 1560.88, -115862, 1.9, -0.0512633, 3.14973e+14, 7.1056e+13
0.164467, 1.63746e+21, 22.0564, 1538.74, -119890, 1.9, -0.0473925, 2.95583e+14, 7.26089e+13
0.164655, 1.74129e+21, 23.6186, 1515.76, -124771, 1.9, -0.0442149, 2.79423e+14, 7.4191e+13
0.164843, 1.84813e+21, 25.177, 1491.78, -130431, 1.9, -0.0415645, 2.6563e+14, 7.58027e+13
0.165031, 1.95776e+21, 26.724, 1466.68, -136793, 1.9, -0.0393134, 2.53518e+14, 7.73324e+13
0.165219, 2.06999e+21, 28.2517, 1440.32, -143780, 1.9, -0.0373631, 2.42551e+14, 7.88591e+13
0.165407, 2.1846e+21, 29.7523, 1412.6, -151313, 1.9, -0.0356378, 2.32305e+14, 8.02581e+13
0.165595, 2.30139e+21, 31.218, 1383.41, -159311, 1.9, -0.0340789, 2.22456e+14, 8.16156e+13
0.165783, 2.42015e+21, 32.6411, 1352.69, -167692, 1.9, -0.0326408, 2.12751e+14, 8.2922e+13
0.165971, 2.54067e+21, 34.0138, 1320.35, -176370, 1.9, -0.0312879, 2.03003e+14, 8.40705e+13
0.166159, 2.66274e+21, 35.3282, 1286.37, -185253, 1.9, -0.0299923, 1.93078e+14, 8.51327e+13
0.166347, 2.78617e+21, 36.5766, 1250.71, -194244, 1.9, -0.0287319, 1.82887e+14, 8.59723e+13
0.166535, 2.91073e+21, 37.7512, 1213.35, -203235, 1.9, -0.0274896, 1.72381e+14, 8.66581e+13
0.166723, 3.03622e+21, 38.8443, 1174.31, -212109, 1.9, -0.0262515, 1.61546e+14, 8.71447e+13
0.166911, 3.16244e+21, 39.8479, 1133.63, -220735, 1.9, -0.025007, 1.504e+14, 8.73426e+13
0.167099, 3.28917e+21, 40.7544, 1091.36, -228966, 1.9, -0.023748, 1.3899e+14, 8.72733e+13
0.167287, 3.41622e+21, 41.556, 1047.59, -236634, 1.9, -0.0224682, 1.27386e+14, 8.68596e+13
0.167475, 3.54336e+21, 42.2449, 1002.45, -243545, 1.9, -0.0211634, 1.15684e+14, 8.61094e+13
0.167663, 3.6704e+21, 42.8133, 956.094, -249475, 1.9, -0.0198308, 1.03993e+14, 8.49443e+13
0.16785, 3.79713e+21, 43.2534, 908.74, -254159, 1.9, -0.018469, 9.24396e+13, 8.3386e+13
0.168038, 3.92334e+21, 43.5574, 860.647, -257284, 1.9, -0.0170785, 8.11593e+13, 8.13633e+13
0.168226, 4.04881e+21, 43.7176, 812.142, -258481, 1.9, -0.0156611, 7.02923e+13, 7.89656e+13
0.168414, 4.17336e+21, 43.7262, 763.626, -257317, 1.9, -0.0142204, 5.99781e+13, 7.61136e+13
0.168602, 4.29675e+21, 43.5753, 715.588, -253306, 1.9, -0.0127629, 5.03504e+13, 7.27738e+13
0.16879, 4.4188e+21, 43.2573, 668.612, -245926, 1.9, -0.0112982, 4.15297e+13, 6.91356e+13
0.168978, 4.53929e+21, 42.7642, 623.379, -234691, 1.9, -0.00984076, 3.36169e+13, 6.51108e+13
0.169166, 4.65801e+21, 42.0884, 580.646, -219285, 1.9, -0.00841139, 2.66872e+13, 6.09308e+13
0.169354, 4.77476e+21, 41.222, 541.199, -199787, 1.9, -0.00703931, 2.07841e+13, 5.66953e+13
0.169542, 4.88932e+21, 40.1566, 505.748, -176933, 1.9, -0.0057624, 1.59145e+13, 5.21514e+13
0.16973, 5.0057e+21, 39.0541, 474.7, -153400, 1.9, -0.00464283, 1.20788e+13, 4.79983e+13
0.169918, 5.14523e+21, 38.7898, 447.767, -134590, 1.9, -0.00375061, 9.21456e+12, 4.39066e+13
0.170106, 5.28563e+21, 38.3738, 424.709, -109050, 1.9, -0.00282062, 6.60598e+12, 4.00399e+13
0.170294, 5.39635e+21, 38.0289, 406.256, -88425.1, 1.9, -0.00215233, 4.83297e+12, 3.6514e+13
0.170482, 5.44917e+21, 37.8589, 391.278, -71546.4, 1.9, -0.00166466, 3.57441e+12, 3.33579e+13
0.17067, 5.4716e+21, 37.7828, 379.093, -58739.3, 1.9, -0.00131998, 2.71637e+12, 3.0591e+13
0.170858, 5.4819e+21, 37.7555, 369.038, -48637.3, 1.9, -0.00106236, 2.10439e+12, 2.81851e+13
0.171046, 5.4833e+21, 37.7489, 360.685, -40562.1, 1.9, -0.000865775, 1.65764e+12, 2.60602e+13
0.171234, 5.47144e+21, 37.7577, 353.685, -34134.3, 1.9, -0.000715905, 1.32798e+12, 2.42182e+13
0.171422, 5.4327e+21, 37.7804, 347.775, -28991.3, 1.9, -0.000601966, 1.08078e+12, 2.2574e+13
0.17161, 5.3727e+21, 37.8091, 342.671, -25644.5, 1.9, -0.000530323, 9.20683e+11, 2.11459e+13
0.171798, 5.32565e+21, 37.8275, 338.036, -23757.1, 1.9, -0.000488813, 8.24009e+11, 1.98851e+13
0.171986, 5.30791e+21, 37.8271, 333.722, -22198.7, 1.9, -0.000452426, 7.45628e+11, 1.87519e+13
0.172174, 5.3226e+21, 37.8066, 329.689, -20654.1, 1.9, -0.000414823, 6.73314e+11, 1.77206e+13
0.172362, 5.35883e+21, 37.7787, 325.976, -18802.7, 1.9, -0.000370995, 5.96245e+11, 1.67764e+13
0.17255, 5.40166e+21, 37.7578, 322.628, -16834.5, 1.9, -0.000326231, 5.20494e+11, 1.58869e+13
0.172737, 5.43645e+21, 37.7459, 319.641, -14965.7, 1.9, -0.000285536, 4.52206e+11, 1.50624e+13
0.172925, 5.45084e+21, 37.7421, 316.991, -13292.3, 1.9, -0.000250853, 3.93402e+11, 1.42971e+13
0.173113, 5.44716e+21, 37.7444, 314.621, -11992.3, 1.9, -0.000224773, 3.48312e+11, 1.3586e+13
0.173301, 5.4338e+21, 37.7509, 312.46, -11040.7, 1.9, -0.000206004, 3.15147e+11, 1.29301e+13
0.173489, 5.41704e+21, 37.7589, 310.461, -10259.1, 1.9, -0.000190764, 2.88118e+11, 1.2323e+13
0.173677, 5.40096e+21, 37.7657, 308.595, -9616.9, 1.9, -0.000178261, 2.66e+11, 1.17596e+13
0.173865, 5.389e+21, 37.7687, 306.84, -9060.76, 1.9, -0.000167361, 2.47051e+11, 1.12334e+13
0.174053, 5.3818e+21, 37.7683, 305.188, -8522.57, 1.9, -0.000156783, 2.29264e+11, 1.07414e+13
0.174241, 5.37916e+21, 37.7656, 303.635, -8001.95, 1.9, -0.000146534, 2.12545e+11, 1.02803e+13
0.174429, 5.38069e+21, 37.7615, 302.178, -7504.25, 1.9, -0.000136729, 1.96962e+11, 9.84519e+12
0.174617, 5.38545e+21, 37.7563, 300.812, -7033.07, 1.9, -0.00012746, 1.82539e+11, 9.43575e+12
0.174805, 5.39242e+21, 37.7505, 299.533, -6588.42, 1.9, -0.000118749, 1.69209e+11, 9.04781e+12
0.174993, 5.40062e+21, 37.7442, 298.334, -6169.99, 1.9, -0.000110603, 1.56906e+11, 8.68103e+12
0.175181, 5.40926e+21, 37.7378, 297.212, -5777.47, 1.9, -0.000103021, 1.45568e+11, 8.33384e+12
0.175369, 5.41762e+21, 37.7317, 296.16, -5410.78, 1.9, -9.60004e-05, 1.35147e+11, 8.00396e+12
0.175557, 5.42498e+21, 37.7261, 295.176, -5070.62, 1.9, -8.95509e-05, 1.25618e+11, 7.69113e+12
0.175745, 5.43122e+21, 37.721, 294.252, -4759.41, 1.9, -8.3701e-05, 1.17002e+11, 7.3936e+12
0.175933, 5.43668e+21, 37.7164, 293.385, -4477.32, 1.9, -7.84337e-05, 1.0927e+11, 7.11076e+12
0.176121, 5.4417e+21, 37.7119, 292.567, -4224.34, 1.9, -7.37321e-05, 1.0239e+11, 6.84191e+12
0.176309, 5.44658e+21, 37.7074, 291.795, -3994.72, 1.9, -6.94819e-05, 9.61975e+10, 6.58563e+12
0.176497, 5.45141e+21, 37.7029, 291.065, -3778.2, 1.9, -6.54971e-05, 9.0425e+10, 6.34153e+12
0.176685, 5.45621e+21, 37.6984, 290.374, -3574.55, 1.9, -6.17689e-05, 8.50536e+10, 6.10831e+12
0.176873, 5.46096e+21, 37.6938, 289.72, -3383.77, 1.9, -5.82932e-05, 8.00705e+10, 5.88563e+12
0.177061, 5.46567e+21, 37.6894, 289.101, -3204.73, 1.9, -5.50465e-05, 7.54374e+10, 5.67284e+12
0.177249, 5.47012e+21, 37.6851, 288.515, -3034.48, 1.9, -5.19771e-05, 7.10757e+10, 5.46906e+12
0.177437, 5.47404e+21, 37.681, 287.96, -2872.88, 1.9, -4.90818e-05, 6.69738e+10, 5.27415e+12
0.177625, 5.47712e+21, 37.6775, 287.435, -2719.91, 1.9, -4.63597e-05, 6.31244e+10, 5.08722e+12
0.177812, 5.47907e+21, 37.6745, 286.937, -2575.74, 1.9, -4.38123e-05, 5.95242e+10, 4.90819e+12
0.178, 5.47983e+21, 37.6722, 286.465, -2443.51, 1.9, -4.14904e-05, 5.62399e+10, 4.7365e+12
0.178188, 5.47978e+21, 37.6702, 286.018, -2324.56, 1.9, -3.94103e-05, 5.32958e+10, 4.57185e+12
0.178376, 5.47936e+21, 37.6684, 285.591, -2218.89, 1.9, -3.75664e-05, 5.06857e+10, 4.41397e+12
0.178564, 5.479e+21, 37.6664, 285.183, -2126.5, 1.9, -3.59541e-05, 4.84042e+10, 4.26237e+12
0.178752, 5.47913e+21, 37.664, 284.791, -2046.88, 1.9, -3.45605e-05, 4.64345e+10, 4.11679e+12
0.17894, 5.48017e+21, 37.661, 284.413, -1973.63, 1.9, -3.32746e-05, 4.46278e+10, 3.97685e+12
0.179128, 5.48253e+21, 37.6573, 284.048, -1904.77, 1.9, -3.20601e-05, 4.29367e+10, 3.84209e+12
0.179316, 5.4866e+21, 37.6526, 283.696, -1840.36, 1.9, -3.09166e-05, 4.13612e+10, 3.7123e+12
0.179504, 5.49278e+21, 37.6467, 283.356, -1780.37, 1.9, -2.98417e-05, 3.98987e+10, 3.58713e+12
0.179692, 5.50146e+21, 37.6397, 283.027, -1724.8, 1.9, -2.88336e-05, 3.85476e+10, 3.46629e+12
0.17988, 5.51294e+21, 37.6313, 282.708, -1671.58, 1.9, -2.78574e-05, 3.72605e+10, 3.34963e+12
0.180068, 5.52701e+21, 37.6217, 282.399, -1618.46, 1.9, -2.68773e-05, 3.59861e+10, 3.2366e+12
0.180256, 5.54336e+21, 37.6111, 282.099, -1565.42, 1.9, -2.5896e-05, 3.47236e+10, 3.12723e+12
0.180444, 5.56165e+21, 37.5996, 281.81, -1512.47, 1.9, -2.49159e-05, 3.34724e+10, 3.02106e+12
0.180632, 5.58156e+21, 37.5874, 281.531, -1459.61, 1.9, -2.39393e-05, 3.2232e+10, 2.91815e+12
0.18082, 5.60277e+21, 37.5747, 281.261, -1406.94, 1.9, -2.29699e-05, 3.10041e+10, 2.81813e+12
0.181008, 5.62519e+21, 37.5615, 281.002, -1358.62, 1.9, -2.2076e-05, 2.98797e+10, 2.721e+12
0.181196, 5.64932e+21, 37.5477, 280.75, -1316.86, 1.9, -2.12908e-05, 2.89062e+10, 2.6267e+12
0.181384, 5.67576e+21, 37.5328, 280.506, -1281.66, 1.9, -2.06112e-05, 2.80826e+10, 2.535e+12
0.181572, 5.70509e+21, 37.5166, 280.268, -1253.03, 1.9, -2.00344e-05, 2.74077e+10, 2.44583e+12
0.18176, 5.7379e+21, 37.4989, 280.035, -1230.96, 1.9, -1.95572e-05, 2.68805e+10, 2.35897e+12
0.181948, 5.77477e+21, 37.4793, 279.805, -1215.45, 1.9, -1.91766e-05, 2.64999e+10, 2.27428e+12
0.182136, 5.81619e+21, 37.4575, 279.578, -1202.15, 1.9, -1.88218e-05, 2.61706e+10, 2.19167e+12
0.182324, 5.86216e+21, 37.4337, 279.353, -1186.61, 1.9, -1.84237e-05, 2.57953e+10, 2.11073e+12
0.182512, 5.91257e+21, 37.408, 279.132, -1168.82, 1.9, -1.79844e-05, 2.53739e+10, 2.03148e+12
0.1827, 5.96733e+21, 37.3805, 278.914, -1148.75, 1.9, -1.75061e-05, 2.49063e+10, 1.9537e+12
0.182887, 6.02633e+21, 37.3514, 278.7, -1126.45, 1.9, -1.69915e-05, 2.43931e+10, 1.87725e+12
0.183075, 6.08946e+21, 37.3207, 278.49, -1101.89, 1.9, -1.6443e-05, 2.38342e+10, 1.80214e+12
0.183263, 6.15662e+21, 37.2887, 278.286, -1075.76, 1.9, -1.58729e-05, 2.32442e+10, 1.72812e+12
0.183451, 6.22762e+21, 37.2554, 278.086, -1051.38, 1.9, -1.5332e-05, 2.26952e+10, 1.6553e+12
0.183639, 6.30224e+21, 37.2209, 277.89, -1029.23, 1.9, -1.48275e-05, 2.21965e+10, 1.58353e+12
0.183827, 6.38022e+21, 37.1854, 277.699, -1009.29, 1.9, -1.43594e-05, 2.17479e+10, 1.51267e+12
0.184015, 6.46133e+21, 37.1489, 277.511, -991.579, 1.9, -1.39275e-05, 2.1349e+10, 1.44279e+12
0.184203, 6.54532e+21, 37.1115, 277.326, -976.084, 1.9, -1.35315e-05, 2.09995e+10, 1.37364e+12
0.184391, 6.63196e+21, 37.0734, 277.144, -962.805, 1.9, -1.3171e-05, 2.06991e+10, 1.30525e+12
0.184579, 6.72089e+21, 37.0346, 276.964, -949.496, 1.9, -1.28153e-05, 2.03992e+10, 1.23754e+12
0.184767, 6.81127e+21, 36.9956, 276.787, -933.955, 1.9, -1.24367e-05, 2.00523e+10, 1.17029e+12
0.184955, 6.90215e+21, 36.9566, 276.613, -916.178, 1.9, -1.20379e-05, 1.96585e+10, 1.10361e+12
0.185143, 6.99258e+21, 36.918, 276.443, -896.165, 1.9, -1.16215e-05, 1.92177e+10, 1.03728e+12
0.185331, 7.08161e+21, 36.8802, 276.276, -873.916, 1.9, -1.11893e-05, 1.87297e+10, 9.71389e+11
0.185519, 7.16829e+21, 36.8436, 276.114, -849.432, 1.9, -1.07432e-05, 1.81946e+10, 9.05809e+11
0.185707, 7.25169e+21, 36.8084, 275.957, -822.956, 1.9, -1.02876e-05, 1.76177e+10, 8.40565e+11
0.185895, 7.33131e+21, 36.7749, 275.805, -796.223, 1.9, -9.84423e-06, 1.70359e+10, 7.75686e+11
0.186083, 7.4072e+21, 36.7429, 275.658, -769.584, 1.9, -9.41634e-06, 1.64569e+10, 7.11097e+11
0.186271, 7.47941e+21, 36.7126, 275.516, -743.038, 1.9, -9.00274e-06, 1.58806e+10, 6.46857e+11
0.186459, 7.54799e+21, 36.6837, 275.378, -716.569, 1.9, -8.60217e-06, 1.53068e+10, 5.82764e+11
0.186647, 7.613e+21, 36.6562, 275.246, -690.21, 1.9, -8.21403e-06, 1.4736e+10, 5.1894e+11
0.186835, 7.67448e+21, 36.6301, 275.119, -663.943, 1.9, -7.83723e-06, 1.41679e+10, 4.55306e+11
0.187023, 7.73251e+21, 36.6054, 274.997, -637.77, 1.9, -7.47092e-06, 1.36026e+10, 3.9175e+11
0.187211, 7.78712e+21, 36.5819, 274.879, -611.689, 1.9, -7.11434e-06, 1.304e+10, 3.28305e+11
0.187399, 7.83838e+21, 36.5596, 274.767, -585.702, 1.9, -6.76678e-06, 1.24801e+10, 2.64753e+11
0.187587, 7.88635e+21, 36.5385, 274.659, -559.809, 1.9, -6.42758e-06, 1.19229e+10, 2.01114e+11
0.187774, 7.93107e+21, 36.5184, 274.556, -534.008, 1.9, -6.09611e-06, 1.13684e+10, 1.37219e+11
