# x [cm], ne [cm-3], Z, T [eV], gradT, cLogei, Knx, Qlocx [W/cm2], Qx [W/cm2]
0, 4.65917e+20, 1.99918, 2550.78, 0, 2.12, 0, -0, 1.86426e+08
0.000187962, 4.65917e+20, 1.99918, 2550.78, 0, 2.12, 0, -0, 2.24713e+10
0.000375925, 4.65917e+20, 1.99918, 2550.78, 0, 2.12, 0, -0, 4.5473e+10
0.000563887, 4.65917e+20, 1.99918, 2550.78, 0, 2.12, 0, -0, 6.77157e+10
0.00075185, 4.65917e+20, 1.99918, 2550.78, 0, 2.12, 0, -0, 9.00339e+10
0.000939812, 4.65917e+20, 1.99918, 2550.78, 0, 2.12, 0, -0, 1.12187e+11
0.00112777, 4.65917e+20, 1.99918, 2550.78, 0, 2.12, 0, -0, 1.35278e+11
0.00131574, 4.65899e+20, 1.99918, 2550.78, -31.6769, 2.12, -0.000181287, 1.16215e+12, 1.57525e+11
0.0015037, 4.65878e+20, 1.99918, 2550.77, -33.7851, 2.12, -0.000193361, 1.23949e+12, 1.79781e+11
0.00169166, 4.6586e+20, 1.99918, 2550.77, -35.8513, 2.12, -0.000205194, 1.31528e+12, 2.02481e+11
0.00187962, 4.65845e+20, 1.99918, 2550.76, -37.8753, 2.12, -0.000216785, 1.38953e+12, 2.24455e+11
0.00206759, 4.65832e+20, 1.99918, 2550.75, -39.8572, 2.12, -0.000228134, 1.46223e+12, 2.4647e+11
0.00225555, 4.65822e+20, 1.99918, 2550.74, -41.797, 2.12, -0.000239242, 1.53338e+12, 2.68665e+11
0.00244351, 4.65814e+20, 1.99918, 2550.74, -43.6947, 2.12, -0.000250107, 1.60299e+12, 2.9066e+11
0.00263147, 4.65809e+20, 1.99918, 2550.73, -45.5502, 2.12, -0.00026073, 1.67105e+12, 3.12525e+11
0.00281944, 4.65806e+20, 1.99918, 2550.72, -47.3637, 2.12, -0.000271111, 1.73756e+12, 3.35256e+11
0.0030074, 4.65806e+20, 1.99919, 2550.71, -49.135, 2.12, -0.000281249, 1.80253e+12, 3.56658e+11
0.00319536, 4.65808e+20, 1.99919, 2550.7, -50.8642, 2.12, -0.000291145, 1.86595e+12, 3.78767e+11
0.00338332, 4.65812e+20, 1.99919, 2550.69, -52.5513, 2.12, -0.000300798, 1.92782e+12, 4.00633e+11
0.00357129, 4.65819e+20, 1.99919, 2550.68, -54.1963, 2.12, -0.000310208, 1.98814e+12, 4.22708e+11
0.00375925, 4.65828e+20, 1.99919, 2550.67, -55.8001, 2.12, -0.00031938, 2.04696e+12, 4.44164e+11
0.00394721, 4.65839e+20, 1.99919, 2550.66, -57.3608, 2.12, -0.000328304, 2.10419e+12, 4.66866e+11
0.00413517, 4.65852e+20, 1.99919, 2550.65, -58.8793, 2.12, -0.000336984, 2.15987e+12, 4.88574e+11
0.00432314, 4.65868e+20, 1.99919, 2550.64, -60.3558, 2.12, -0.000345421, 2.21401e+12, 5.10255e+11
0.0045111, 4.65886e+20, 1.99919, 2550.63, -61.7902, 2.12, -0.000353615, 2.2666e+12, 5.32544e+11
0.00469906, 4.65905e+20, 1.99919, 2550.62, -63.1824, 2.12, -0.000361566, 2.31764e+12, 5.54174e+11
0.00488702, 4.65927e+20, 1.99919, 2550.6, -64.5325, 2.12, -0.000369273, 2.36714e+12, 5.75894e+11
0.00507499, 4.65951e+20, 1.99919, 2550.59, -65.8405, 2.12, -0.000376736, 2.41509e+12, 5.97685e+11
0.00526295, 4.65977e+20, 1.99919, 2550.58, -67.1064, 2.12, -0.000383957, 2.46149e+12, 6.19738e+11
0.00545091, 4.66005e+20, 1.99919, 2550.57, -68.3301, 2.12, -0.000390933, 2.50635e+12, 6.41319e+11
0.00563887, 4.66034e+20, 1.99919, 2550.55, -69.5118, 2.12, -0.000397666, 2.54966e+12, 6.64133e+11
0.00582684, 4.66066e+20, 1.99919, 2550.54, -70.6514, 2.12, -0.000404157, 2.59142e+12, 6.85039e+11
0.0060148, 4.66099e+20, 1.99919, 2550.53, -71.7732, 2.12, -0.000410542, 2.63254e+12, 7.06994e+11
0.00620276, 4.66134e+20, 1.99919, 2550.51, -72.9, 2.12, -0.000416954, 2.67383e+12, 7.29247e+11
0.00639072, 4.66171e+20, 1.99919, 2550.5, -74.0319, 2.12, -0.000423392, 2.71531e+12, 7.50971e+11
0.00657869, 4.66209e+20, 1.99919, 2550.48, -75.1688, 2.12, -0.000429856, 2.75697e+12, 7.73295e+11
0.00676665, 4.66249e+20, 1.99918, 2550.47, -76.3107, 2.12, -0.000436347, 2.79881e+12, 7.94992e+11
0.00695461, 4.66291e+20, 1.99918, 2550.46, -77.4577, 2.12, -0.000442863, 2.84084e+12, 8.16922e+11
0.00714257, 4.66335e+20, 1.99918, 2550.44, -78.6097, 2.12, -0.000449405, 2.88305e+12, 8.38941e+11
0.00733054, 4.6638e+20, 1.99918, 2550.43, -79.7667, 2.12, -0.000455973, 2.92544e+12, 8.60959e+11
0.0075185, 4.66426e+20, 1.99918, 2550.41, -80.9294, 2.12, -0.000462571, 2.96804e+12, 8.82987e+11
0.00770646, 4.66474e+20, 1.99918, 2550.4, -82.0965, 2.12, -0.00046919, 3.0108e+12, 9.04856e+11
0.00789442, 4.66523e+20, 1.99918, 2550.38, -83.2686, 2.12, -0.000475836, 3.05374e+12, 9.26916e+11
0.00808239, 4.66574e+20, 1.99918, 2550.36, -84.4458, 2.12, -0.000482507, 3.09686e+12, 9.49146e+11
0.00827035, 4.66626e+20, 1.99918, 2550.35, -85.6317, 2.12, -0.000489225, 3.1403e+12, 9.70816e+11
0.00845831, 4.6668e+20, 1.99918, 2550.33, -86.8387, 2.12, -0.000496061, 3.18451e+12, 9.93696e+11
0.00864627, 4.66734e+20, 1.99918, 2550.32, -88.0679, 2.12, -0.000503021, 3.22954e+12, 1.01515e+12
0.00883424, 4.6679e+20, 1.99918, 2550.3, -89.3193, 2.12, -0.000510104, 3.27538e+12, 1.03732e+12
0.0090222, 4.66848e+20, 1.99918, 2550.28, -90.5929, 2.12, -0.000517311, 3.32203e+12, 1.06011e+12
0.00921016, 4.66906e+20, 1.99918, 2550.27, -91.8887, 2.12, -0.000524641, 3.36949e+12, 1.08175e+12
0.00939812, 4.66965e+20, 1.99918, 2550.25, -93.2067, 2.12, -0.000532095, 3.41776e+12, 1.10476e+12
0.00958609, 4.67026e+20, 1.99918, 2550.23, -94.5469, 2.12, -0.000539672, 3.46684e+12, 1.12653e+12
0.00977405, 4.67088e+20, 1.99918, 2550.21, -95.9092, 2.12, -0.000547372, 3.51673e+12, 1.14866e+12
0.00996201, 4.6715e+20, 1.99918, 2550.19, -97.2938, 2.12, -0.000555195, 3.56744e+12, 1.17124e+12
0.01015, 4.67214e+20, 1.99918, 2550.18, -98.7005, 2.12, -0.000563142, 3.61895e+12, 1.19316e+12
0.0103379, 4.67279e+20, 1.99918, 2550.16, -100.129, 2.12, -0.000571211, 3.67128e+12, 1.21588e+12
0.0105259, 4.67344e+20, 1.99918, 2550.14, -101.581, 2.12, -0.000579407, 3.72443e+12, 1.23774e+12
0.0107139, 4.67411e+20, 1.99918, 2550.12, -103.064, 2.12, -0.00058778, 3.77875e+12, 1.26001e+12
0.0109018, 4.67478e+20, 1.99918, 2550.1, -104.582, 2.12, -0.000596347, 3.83433e+12, 1.28302e+12
0.0110898, 4.67546e+20, 1.99918, 2550.08, -106.136, 2.12, -0.000605114, 3.89122e+12, 1.30464e+12
0.0112777, 4.67615e+20, 1.99918, 2550.06, -107.724, 2.12, -0.000614071, 3.94935e+12, 1.32775e+12
0.0114657, 4.67684e+20, 1.99918, 2550.04, -109.346, 2.12, -0.000623222, 4.00875e+12, 1.3495e+12
0.0116537, 4.67754e+20, 1.99918, 2550.02, -111.004, 2.12, -0.000632567, 4.06943e+12, 1.37193e+12
0.0118416, 4.67825e+20, 1.99918, 2550, -112.696, 2.12, -0.000642107, 4.13137e+12, 1.39498e+12
0.0120296, 4.67897e+20, 1.99918, 2549.98, -114.422, 2.12, -0.00065184, 4.19459e+12, 1.41663e+12
0.0122176, 4.67969e+20, 1.99918, 2549.95, -116.184, 2.12, -0.000661768, 4.25907e+12, 1.44046e+12
0.0124055, 4.68041e+20, 1.99918, 2549.93, -117.98, 2.12, -0.00067189, 4.32483e+12, 1.46199e+12
0.0125935, 4.68114e+20, 1.99918, 2549.91, -119.811, 2.12, -0.000682206, 4.39186e+12, 1.48454e+12
0.0127814, 4.68188e+20, 1.99918, 2549.89, -121.677, 2.12, -0.000692715, 4.46016e+12, 1.50812e+12
0.0129694, 4.68262e+20, 1.99918, 2549.86, -123.579, 2.12, -0.000703422, 4.52975e+12, 1.52929e+12
0.0131574, 4.68336e+20, 1.99918, 2549.84, -125.516, 2.12, -0.000714332, 4.60067e+12, 1.55349e+12
0.0133453, 4.6841e+20, 1.99918, 2549.82, -127.49, 2.12, -0.000725443, 4.67291e+12, 1.57507e+12
0.0135333, 4.68485e+20, 1.99918, 2549.79, -129.5, 2.12, -0.000736757, 4.74648e+12, 1.59749e+12
0.0137213, 4.6856e+20, 1.99918, 2549.77, -131.547, 2.12, -0.000748273, 4.82137e+12, 1.62148e+12
0.0139092, 4.68636e+20, 1.99918, 2549.74, -133.63, 2.12, -0.00075999, 4.89758e+12, 1.64294e+12
0.0140972, 4.68711e+20, 1.99918, 2549.72, -135.749, 2.12, -0.000771909, 4.97512e+12, 1.66704e+12
0.0142851, 4.68787e+20, 1.99918, 2549.69, -137.904, 2.12, -0.000784031, 5.05399e+12, 1.68858e+12
0.0144731, 4.68863e+20, 1.99918, 2549.67, -140.096, 2.12, -0.000796354, 5.13418e+12, 1.71144e+12
0.0146611, 4.68939e+20, 1.99918, 2549.64, -142.323, 2.12, -0.000808878, 5.21569e+12, 1.73564e+12
0.014849, 4.69015e+20, 1.99918, 2549.61, -144.589, 2.12, -0.000821612, 5.29857e+12, 1.75639e+12
0.015037, 4.69091e+20, 1.99918, 2549.59, -146.89, 2.12, -0.00083454, 5.38273e+12, 1.78127e+12
0.015225, 4.69168e+20, 1.99918, 2549.56, -149.227, 2.12, -0.000847674, 5.46824e+12, 1.8027e+12
0.0154129, 4.69244e+20, 1.99918, 2549.53, -151.606, 2.12, -0.000861035, 5.55524e+12, 1.82553e+12
0.0156009, 4.6932e+20, 1.99918, 2549.5, -154.025, 2.12, -0.000874626, 5.64375e+12, 1.85145e+12
0.0157888, 4.69396e+20, 1.99918, 2549.47, -156.486, 2.12, -0.000888446, 5.73375e+12, 1.87074e+12
0.0159768, 4.69471e+20, 1.99918, 2549.44, -158.988, 2.12, -0.000902496, 5.82527e+12, 1.89636e+12
0.0161648, 4.69547e+20, 1.99918, 2549.41, -161.532, 2.12, -0.000916775, 5.91828e+12, 1.91728e+12
0.0163527, 4.69622e+20, 1.99918, 2549.38, -164.116, 2.12, -0.000931284, 6.0128e+12, 1.94051e+12
0.0165407, 4.69697e+20, 1.99918, 2549.35, -166.742, 2.12, -0.000946023, 6.10882e+12, 1.96685e+12
0.0167287, 4.69771e+20, 1.99918, 2549.32, -169.409, 2.12, -0.000960991, 6.20634e+12, 1.98529e+12
0.0169166, 4.69845e+20, 1.99918, 2549.29, -172.118, 2.12, -0.000976189, 6.30536e+12, 2.01256e+12
0.0171046, 4.69918e+20, 1.99918, 2549.25, -174.867, 2.12, -0.000991617, 6.40589e+12, 2.03244e+12
0.0172925, 4.6999e+20, 1.99918, 2549.22, -177.658, 2.12, -0.00100727, 6.50792e+12, 2.0558e+12
0.0174805, 4.70062e+20, 1.99918, 2549.19, -180.49, 2.12, -0.00102316, 6.61141e+12, 2.08346e+12
0.0176685, 4.70134e+20, 1.99918, 2549.15, -183.337, 2.12, -0.00103913, 6.71548e+12, 2.10028e+12
0.0178564, 4.70204e+20, 1.99918, 2549.12, -186.188, 2.12, -0.00105511, 6.81969e+12, 2.12818e+12
0.0180444, 4.70274e+20, 1.99918, 2549.08, -189.044, 2.12, -0.00107112, 6.92405e+12, 2.1479e+12
0.0182324, 4.70343e+20, 1.99918, 2549.05, -191.903, 2.12, -0.00108715, 7.02855e+12, 2.17105e+12
0.0184203, 4.70412e+20, 1.99918, 2549.01, -194.769, 2.12, -0.00110321, 7.13325e+12, 2.19941e+12
0.0186083, 4.7048e+20, 1.99918, 2548.97, -197.638, 2.12, -0.00111928, 7.23804e+12, 2.2149e+12
0.0187962, 4.70548e+20, 1.99918, 2548.94, -200.51, 2.12, -0.00113537, 7.34297e+12, 2.24426e+12
0.0189842, 4.70615e+20, 1.99918, 2548.9, -203.387, 2.12, -0.00115147, 7.44805e+12, 2.26245e+12
0.0191722, 4.70682e+20, 1.99918, 2548.86, -206.268, 2.12, -0.0011676, 7.55327e+12, 2.28503e+12
0.0193601, 4.70749e+20, 1.99918, 2548.82, -209.153, 2.12, -0.00118375, 7.65863e+12, 2.31692e+12
0.0195481, 4.70815e+20, 1.99918, 2548.78, -212.043, 2.12, -0.00119991, 7.76413e+12, 2.33702e+12
0.0197361, 4.70881e+20, 1.99918, 2548.74, -214.936, 2.12, -0.0012161, 7.86978e+12, 2.35538e+12
0.019924, 4.70947e+20, 1.99918, 2548.7, -217.825, 2.12, -0.00123225, 7.97521e+12, 2.38259e+12
0.020112, 4.71013e+20, 1.99918, 2548.66, -220.692, 2.12, -0.00124828, 8.07988e+12, 2.40646e+12
0.0202999, 4.71079e+20, 1.99918, 2548.62, -223.539, 2.12, -0.00126418, 8.18378e+12, 2.42358e+12
0.0204879, 4.71144e+20, 1.99918, 2548.58, -226.366, 2.12, -0.00127997, 8.28692e+12, 2.4504e+12
0.0206759, 4.7121e+20, 1.99918, 2548.53, -229.172, 2.12, -0.00129563, 8.38929e+12, 2.47522e+12
0.0208638, 4.71276e+20, 1.99918, 2548.49, -231.957, 2.12, -0.00131117, 8.49089e+12, 2.49636e+12
0.0210518, 4.71342e+20, 1.99918, 2548.45, -234.722, 2.12, -0.00132659, 8.59173e+12, 2.51899e+12
0.0212398, 4.71409e+20, 1.99918, 2548.4, -237.466, 2.12, -0.00134189, 8.6918e+12, 2.54344e+12
0.0214277, 4.71476e+20, 1.99918, 2548.36, -240.19, 2.12, -0.00135706, 8.7911e+12, 2.56497e+12
0.0216157, 4.71544e+20, 1.99918, 2548.31, -242.893, 2.12, -0.00137211, 8.88964e+12, 2.58946e+12
0.0218036, 4.71612e+20, 1.99918, 2548.26, -245.575, 2.12, -0.00138704, 8.98741e+12, 2.61137e+12
0.0219916, 4.7168e+20, 1.99918, 2548.22, -248.238, 2.12, -0.00140185, 9.08445e+12, 2.63416e+12
0.0221796, 4.7175e+20, 1.99918, 2548.17, -250.885, 2.12, -0.00141656, 9.18088e+12, 2.65764e+12
0.0223675, 4.7182e+20, 1.99918, 2548.12, -253.53, 2.12, -0.00143126, 9.27724e+12, 2.67974e+12
0.0225555, 4.71891e+20, 1.99918, 2548.08, -256.176, 2.12, -0.00144595, 9.37362e+12, 2.70513e+12
0.0227435, 4.71962e+20, 1.99918, 2548.03, -258.822, 2.12, -0.00146064, 9.47e+12, 2.72649e+12
0.0229314, 4.72035e+20, 1.99918, 2547.98, -261.469, 2.12, -0.00147532, 9.5664e+12, 2.74865e+12
0.0231194, 4.72107e+20, 1.99918, 2547.93, -264.117, 2.12, -0.00149, 9.6628e+12, 2.77617e+12
0.0233073, 4.72181e+20, 1.99918, 2547.88, -266.765, 2.12, -0.00150468, 9.75921e+12, 2.79448e+12
0.0234953, 4.72255e+20, 1.99918, 2547.83, -269.414, 2.12, -0.00151935, 9.85563e+12, 2.82403e+12
0.0236833, 4.72329e+20, 1.99918, 2547.78, -272.064, 2.12, -0.00153402, 9.95206e+12, 2.84248e+12
0.0238712, 4.72404e+20, 1.99918, 2547.73, -274.714, 2.12, -0.00154869, 1.00485e+13, 2.86494e+12
0.0240592, 4.7248e+20, 1.99918, 2547.67, -277.365, 2.12, -0.00156335, 1.01449e+13, 2.88856e+12
0.0242472, 4.72556e+20, 1.99918, 2547.62, -280.016, 2.12, -0.00157801, 1.02414e+13, 2.91024e+12
0.0244351, 4.72632e+20, 1.99918, 2547.57, -282.667, 2.12, -0.00159266, 1.03378e+13, 2.93577e+12
0.0246231, 4.72709e+20, 1.99918, 2547.52, -285.309, 2.12, -0.00160725, 1.04339e+13, 2.95764e+12
0.024811, 4.72786e+20, 1.99918, 2547.46, -287.94, 2.12, -0.00162177, 1.05295e+13, 2.9796e+12
0.024999, 4.72864e+20, 1.99918, 2547.41, -290.56, 2.12, -0.00163623, 1.06248e+13, 3.00632e+12
0.025187, 4.72942e+20, 1.99918, 2547.35, -293.17, 2.12, -0.00165061, 1.07197e+13, 3.02548e+12
0.0253749, 4.73021e+20, 1.99918, 2547.3, -295.77, 2.12, -0.00166494, 1.08141e+13, 3.05168e+12
0.0255629, 4.731e+20, 1.99918, 2547.24, -298.359, 2.12, -0.00167919, 1.09082e+13, 3.07281e+12
0.0257509, 4.7318e+20, 1.99918, 2547.19, -300.938, 2.12, -0.00169339, 1.10019e+13, 3.09559e+12
0.0259388, 4.73259e+20, 1.99918, 2547.13, -303.506, 2.12, -0.00170751, 1.10951e+13, 3.12238e+12
0.0261268, 4.7334e+20, 1.99918, 2547.07, -306.063, 2.12, -0.00172156, 1.1188e+13, 3.13959e+12
0.0263147, 4.73421e+20, 1.99918, 2547.01, -308.609, 2.12, -0.00173555, 1.12804e+13, 3.16789e+12
0.0265027, 4.73502e+20, 1.99918, 2546.96, -311.145, 2.12, -0.00174947, 1.13725e+13, 3.18776e+12
0.0266907, 4.73583e+20, 1.99918, 2546.9, -313.67, 2.12, -0.00176333, 1.14641e+13, 3.20967e+12
0.0268786, 4.73666e+20, 1.99918, 2546.84, -316.185, 2.12, -0.00177712, 1.15554e+13, 3.24105e+12
0.0270666, 4.73748e+20, 1.99918, 2546.78, -318.69, 2.12, -0.00179084, 1.16462e+13, 3.25469e+12
0.0272546, 4.73831e+20, 1.99918, 2546.72, -321.185, 2.12, -0.0018045, 1.17367e+13, 3.2847e+12
0.0274425, 4.73914e+20, 1.99918, 2546.66, -323.67, 2.12, -0.0018181, 1.18268e+13, 3.30379e+12
0.0276305, 4.73998e+20, 1.99918, 2546.6, -326.145, 2.12, -0.00183163, 1.19165e+13, 3.32526e+12
0.0278184, 4.74083e+20, 1.99918, 2546.53, -328.609, 2.12, -0.0018451, 1.20058e+13, 3.35692e+12
0.0280064, 4.74167e+20, 1.99918, 2546.47, -331.064, 2.12, -0.0018585, 1.20948e+13, 3.37031e+12
0.0281944, 4.74252e+20, 1.99918, 2546.41, -333.508, 2.12, -0.00187185, 1.21833e+13, 3.40177e+12
0.0283823, 4.74338e+20, 1.99918, 2546.35, -335.943, 2.12, -0.00188512, 1.22715e+13, 3.42085e+12
0.0285703, 4.74423e+20, 1.99918, 2546.28, -338.367, 2.12, -0.00189834, 1.23593e+13, 3.44137e+12
0.0287583, 4.7451e+20, 1.99918, 2546.22, -340.781, 2.12, -0.00191149, 1.24467e+13, 3.4741e+12
0.0289462, 4.74596e+20, 1.99918, 2546.16, -343.185, 2.12, -0.00192457, 1.25337e+13, 3.48451e+12
0.0291342, 4.74683e+20, 1.99918, 2546.09, -345.579, 2.12, -0.00193759, 1.26203e+13, 3.51862e+12
0.0293221, 4.74771e+20, 1.99918, 2546.03, -347.965, 2.12, -0.00195056, 1.27066e+13, 3.53722e+12
0.0295101, 4.74858e+20, 1.99918, 2545.96, -350.338, 2.12, -0.00196345, 1.27925e+13, 3.55526e+12
0.0296981, 4.74946e+20, 1.99918, 2545.89, -352.701, 2.12, -0.00197628, 1.28779e+13, 3.59517e+12
0.029886, 4.75035e+20, 1.99918, 2545.83, -355.055, 2.12, -0.00198904, 1.2963e+13, 3.59967e+12
0.030074, 4.75124e+20, 1.99918, 2545.76, -357.397, 2.12, -0.00200174, 1.30477e+13, 3.63614e+12
0.030262, 4.75213e+20, 1.99918, 2545.69, -359.73, 2.12, -0.00201437, 1.3132e+13, 3.6531e+12
0.0304499, 4.75302e+20, 1.99918, 2545.63, -362.052, 2.12, -0.00202694, 1.32159e+13, 3.67215e+12
0.0306379, 4.75392e+20, 1.99918, 2545.56, -364.364, 2.12, -0.00203944, 1.32994e+13, 3.71548e+12
0.0308258, 4.75482e+20, 1.99918, 2545.49, -366.666, 2.12, -0.00205188, 1.33825e+13, 3.7143e+12
0.0310138, 4.75572e+20, 1.99918, 2545.42, -368.958, 2.12, -0.00206426, 1.34652e+13, 3.75401e+12
0.0312018, 4.75663e+20, 1.99918, 2545.35, -371.239, 2.12, -0.00207657, 1.35476e+13, 3.76874e+12
0.0313897, 4.75754e+20, 1.99918, 2545.28, -373.511, 2.12, -0.00208882, 1.36295e+13, 3.78739e+12
0.0315777, 4.75846e+20, 1.99918, 2545.21, -375.773, 2.12, -0.00210101, 1.37111e+13, 3.83679e+12
0.0317657, 4.75937e+20, 1.99918, 2545.14, -378.025, 2.12, -0.00211314, 1.37923e+13, 3.82987e+12
0.0319536, 4.76029e+20, 1.99918, 2545.07, -380.269, 2.12, -0.0021252, 1.38732e+13, 3.87292e+12
0.0321416, 4.76122e+20, 1.99918, 2545, -382.502, 2.12, -0.00213721, 1.39537e+13, 3.88529e+12
0.0323295, 4.76214e+20, 1.99918, 2544.92, -384.726, 2.12, -0.00214916, 1.40339e+13, 3.90313e+12
0.0325175, 4.76307e+20, 1.99918, 2544.85, -386.941, 2.12, -0.00216105, 1.41137e+13, 3.9577e+12
0.0327055, 4.764e+20, 1.99918, 2544.78, -389.147, 2.12, -0.00217288, 1.41931e+13, 3.94585e+12
0.0328934, 4.76494e+20, 1.99918, 2544.7, -391.342, 2.12, -0.00218465, 1.42721e+13, 3.99151e+12
0.0330814, 4.76588e+20, 1.99918, 2544.63, -393.53, 2.12, -0.00219636, 1.43509e+13, 4.00205e+12
0.0332694, 4.76682e+20, 1.99918, 2544.56, -395.707, 2.12, -0.00220801, 1.44292e+13, 4.01724e+12
0.0334573, 4.76777e+20, 1.99918, 2544.48, -397.874, 2.12, -0.0022196, 1.45072e+13, 4.07844e+12
0.0336453, 4.76871e+20, 1.99918, 2544.41, -400.035, 2.12, -0.00223115, 1.45849e+13, 4.06137e+12
0.0338332, 4.76966e+20, 1.99918, 2544.33, -402.195, 2.12, -0.00224268, 1.46625e+13, 4.11159e+12
0.0340212, 4.77062e+20, 1.99918, 2544.26, -404.354, 2.12, -0.0022542, 1.47402e+13, 4.12265e+12
0.0342092, 4.77157e+20, 1.99918, 2544.18, -406.512, 2.12, -0.00226571, 1.48177e+13, 4.13489e+12
0.0343971, 4.77253e+20, 1.99918, 2544.1, -408.67, 2.12, -0.00227721, 1.48953e+13, 4.1972e+12
0.0345851, 4.77349e+20, 1.99918, 2544.03, -410.827, 2.12, -0.0022887, 1.49728e+13, 4.17648e+12
0.0347731, 4.77445e+20, 1.99918, 2543.95, -412.984, 2.12, -0.00230018, 1.50502e+13, 4.22882e+12
0.034961, 4.77542e+20, 1.99917, 2543.87, -415.14, 2.12, -0.00231165, 1.51276e+13, 4.24145e+12
0.035149, 4.77638e+20, 1.99917, 2543.79, -417.295, 2.12, -0.00232311, 1.5205e+13, 4.24742e+12
0.0353369, 4.77735e+20, 1.99917, 2543.71, -419.45, 2.12, -0.00233456, 1.52823e+13, 4.3227e+12
0.0355249, 4.77832e+20, 1.99917, 2543.63, -421.604, 2.12, -0.00234601, 1.53596e+13, 4.28862e+12
0.0357129, 4.77929e+20, 1.99917, 2543.56, -423.758, 2.12, -0.00235744, 1.54369e+13, 4.34929e+12
0.0359008, 4.78026e+20, 1.99917, 2543.48, -425.909, 2.12, -0.00236885, 1.5514e+13, 4.35639e+12
0.0360888, 4.78123e+20, 1.99917, 2543.4, -428.052, 2.12, -0.00238021, 1.55909e+13, 4.36499e+12
0.0362768, 4.78221e+20, 1.99917, 2543.31, -430.186, 2.12, -0.00239151, 1.56673e+13, 4.45813e+12
0.0364647, 4.78318e+20, 1.99917, 2543.23, -432.31, 2.12, -0.00240276, 1.57435e+13, 4.40127e+12
0.0366527, 4.78416e+20, 1.99917, 2543.15, -434.427, 2.12, -0.00241395, 1.58193e+13, 4.47045e+12
0.0368406, 4.78514e+20, 1.99917, 2543.07, -436.533, 2.12, -0.00242508, 1.58947e+13, 4.47151e+12
0.0370286, 4.78612e+20, 1.99917, 2542.99, -438.63, 2.12, -0.00243614, 1.59697e+13, 4.47934e+12
0.0372166, 4.78711e+20, 1.99917, 2542.91, -440.717, 2.12, -0.00244715, 1.60444e+13, 4.58364e+12
0.0374045, 4.78811e+20, 1.99917, 2542.82, -442.795, 2.12, -0.0024581, 1.61188e+13, 4.51541e+12
0.0375925, 4.7891e+20, 1.99917, 2542.74, -444.864, 2.12, -0.00246899, 1.61927e+13, 4.59044e+12
0.0377805, 4.79011e+20, 1.99917, 2542.66, -446.923, 2.12, -0.00247982, 1.62664e+13, 4.58918e+12
0.0379684, 4.79111e+20, 1.99917, 2542.57, -448.974, 2.12, -0.00249059, 1.63396e+13, 4.59218e+12
0.0381564, 4.79213e+20, 1.99917, 2542.49, -451.015, 2.12, -0.0025013, 1.64126e+13, 4.71459e+12
0.0383443, 4.79315e+20, 1.99917, 2542.4, -453.05, 2.12, -0.00251197, 1.64852e+13, 4.63177e+12
0.0385323, 4.79418e+20, 1.99917, 2542.32, -455.078, 2.12, -0.00252259, 1.65576e+13, 4.71356e+12
0.0387203, 4.79521e+20, 1.99917, 2542.23, -457.1, 2.12, -0.00253316, 1.66298e+13, 4.70859e+12
0.0389082, 4.79626e+20, 1.99917, 2542.14, -459.116, 2.12, -0.0025437, 1.67017e+13, 4.70677e+12
0.0390962, 4.79731e+20, 1.99917, 2542.06, -461.126, 2.12, -0.00255418, 1.67734e+13, 4.82773e+12
0.0392842, 4.79837e+20, 1.99917, 2541.97, -463.129, 2.12, -0.00256463, 1.68449e+13, 4.74656e+12
0.0394721, 4.79943e+20, 1.99917, 2541.88, -465.127, 2.12, -0.00257503, 1.69161e+13, 4.83084e+12
0.0396601, 4.80051e+20, 1.99917, 2541.8, -467.118, 2.12, -0.00258538, 1.6987e+13, 4.8356e+12
0.039848, 4.80159e+20, 1.99917, 2541.71, -469.103, 2.12, -0.00259569, 1.70577e+13, 4.8224e+12
0.040036, 4.80269e+20, 1.99917, 2541.62, -471.081, 2.12, -0.00260595, 1.71282e+13, 4.95908e+12
0.040224, 4.80379e+20, 1.99917, 2541.53, -473.054, 2.12, -0.00261617, 1.71984e+13, 4.8671e+12
0.0404119, 4.80491e+20, 1.99917, 2541.44, -475.022, 2.12, -0.00262636, 1.72684e+13, 4.95058e+12
0.0405999, 4.80603e+20, 1.99917, 2541.35, -476.994, 2.12, -0.00263655, 1.73386e+13, 4.9549e+12
0.0407879, 4.80716e+20, 1.99917, 2541.26, -478.972, 2.12, -0.00264677, 1.7409e+13, 4.93662e+12
0.0409758, 4.8083e+20, 1.99917, 2541.17, -480.957, 2.12, -0.00265701, 1.74796e+13, 5.08985e+12
0.0411638, 4.80945e+20, 1.99917, 2541.08, -482.948, 2.12, -0.00266728, 1.75504e+13, 4.98453e+12
0.0413517, 4.81061e+20, 1.99917, 2540.99, -484.946, 2.12, -0.00267757, 1.76214e+13, 5.07641e+12
0.0415397, 4.81178e+20, 1.99917, 2540.9, -486.95, 2.12, -0.00268789, 1.76926e+13, 5.06786e+12
0.0417277, 4.81296e+20, 1.99917, 2540.81, -488.961, 2.12, -0.00269823, 1.77641e+13, 5.05498e+12
0.0419156, 4.81414e+20, 1.99917, 2540.72, -490.978, 2.12, -0.0027086, 1.78357e+13, 5.23814e+12
0.0421036, 4.81533e+20, 1.99917, 2540.62, -493.001, 2.12, -0.00271899, 1.79076e+13, 5.10085e+12
0.0422916, 4.81653e+20, 1.99917, 2540.53, -495.031, 2.12, -0.00272941, 1.79797e+13, 5.18983e+12
0.0424795, 4.81773e+20, 1.99917, 2540.44, -497.068, 2.12, -0.00273985, 1.8052e+13, 5.18947e+12
0.0426675, 4.81894e+20, 1.99917, 2540.34, -499.111, 2.12, -0.00275032, 1.81245e+13, 5.17547e+12
0.0428554, 4.82015e+20, 1.99917, 2540.25, -501.155, 2.12, -0.00276078, 1.81971e+13, 5.341e+12
0.0430434, 4.82137e+20, 1.99917, 2540.15, -503.2, 2.12, -0.00277124, 1.82696e+13, 5.23128e+12
0.0432314, 4.8226e+20, 1.99917, 2540.06, -505.245, 2.12, -0.0027817, 1.83422e+13, 5.3109e+12
0.0434193, 4.82383e+20, 1.99917, 2539.96, -507.292, 2.12, -0.00279215, 1.84148e+13, 5.30489e+12
0.0436073, 4.82506e+20, 1.99917, 2539.87, -509.34, 2.12, -0.0028026, 1.84874e+13, 5.29775e+12
0.0437953, 4.8263e+20, 1.99917, 2539.77, -511.388, 2.12, -0.00281304, 1.856e+13, 5.44533e+12
0.0439832, 4.82755e+20, 1.99917, 2539.68, -513.439, 2.12, -0.00282349, 1.86326e+13, 5.36575e+12
0.0441712, 4.8288e+20, 1.99917, 2539.58, -515.489, 2.12, -0.00283392, 1.87053e+13, 5.44499e+12
0.0443591, 4.83005e+20, 1.99917, 2539.48, -517.54, 2.12, -0.00284435, 1.87779e+13, 5.4388e+12
0.0445471, 4.83131e+20, 1.99917, 2539.39, -519.592, 2.12, -0.00285477, 1.88505e+13, 5.46292e+12
0.0447351, 4.83257e+20, 1.99917, 2539.29, -521.645, 2.12, -0.0028652, 1.89232e+13, 5.51754e+12
0.044923, 4.83384e+20, 1.99917, 2539.19, -523.699, 2.12, -0.00287561, 1.89959e+13, 5.51496e+12
0.045111, 4.83511e+20, 1.99917, 2539.09, -525.755, 2.12, -0.00288603, 1.90686e+13, 5.5508e+12
0.045299, 4.83638e+20, 1.99917, 2538.99, -527.813, 2.12, -0.00289645, 1.91414e+13, 5.57003e+12
0.0454869, 4.83765e+20, 1.99917, 2538.89, -529.873, 2.12, -0.00290688, 1.92142e+13, 5.58909e+12
0.0456749, 4.83893e+20, 1.99917, 2538.79, -531.934, 2.12, -0.0029173, 1.9287e+13, 5.62728e+12
0.0458628, 4.84021e+20, 1.99917, 2538.69, -533.998, 2.12, -0.00292773, 1.936e+13, 5.63112e+12
0.0460508, 4.84149e+20, 1.99917, 2538.59, -536.064, 2.12, -0.00293816, 1.94329e+13, 5.66947e+12
0.0462388, 4.84278e+20, 1.99917, 2538.49, -538.131, 2.12, -0.00294859, 1.95059e+13, 5.69326e+12
0.0464267, 4.84407e+20, 1.99917, 2538.39, -540.201, 2.12, -0.00295903, 1.9579e+13, 5.70274e+12
0.0466147, 4.84536e+20, 1.99917, 2538.29, -542.273, 2.12, -0.00296947, 1.96521e+13, 5.78192e+12
0.0468027, 4.84665e+20, 1.99917, 2538.19, -544.346, 2.12, -0.00297991, 1.97253e+13, 5.75543e+12
0.0469906, 4.84794e+20, 1.99917, 2538.08, -546.422, 2.12, -0.00299035, 1.97985e+13, 5.81232e+12
0.0471786, 4.84923e+20, 1.99917, 2537.98, -548.499, 2.12, -0.0030008, 1.98718e+13, 5.81932e+12
0.0473665, 4.85052e+20, 1.99917, 2537.88, -550.58, 2.12, -0.00301125, 1.99451e+13, 5.84028e+12
0.0475545, 4.85182e+20, 1.99917, 2537.77, -552.663, 2.12, -0.00302172, 2.00185e+13, 5.87249e+12
0.0477425, 4.85311e+20, 1.99917, 2537.67, -554.75, 2.12, -0.0030322, 2.0092e+13, 5.88205e+12
0.0479304, 4.85441e+20, 1.99917, 2537.57, -556.838, 2.12, -0.00304267, 2.01656e+13, 5.91807e+12
0.0481184, 4.8557e+20, 1.99917, 2537.46, -558.929, 2.12, -0.00305316, 2.02393e+13, 5.94386e+12
0.0483063, 4.85699e+20, 1.99917, 2537.36, -561.023, 2.12, -0.00306365, 2.0313e+13, 5.9576e+12
0.0484943, 4.85829e+20, 1.99917, 2537.25, -563.12, 2.12, -0.00307416, 2.03868e+13, 6.01731e+12
0.0486823, 4.85958e+20, 1.99917, 2537.14, -565.219, 2.12, -0.00308467, 2.04606e+13, 6.00239e+12
0.0488702, 4.86087e+20, 1.99917, 2537.04, -567.322, 2.12, -0.00309519, 2.05346e+13, 6.04866e+12
0.0490582, 4.86216e+20, 1.99917, 2536.93, -569.426, 2.12, -0.00310572, 2.06086e+13, 6.0653e+12
0.0492462, 4.86345e+20, 1.99917, 2536.82, -571.534, 2.12, -0.00311625, 2.06827e+13, 6.07477e+12
0.0494341, 4.86474e+20, 1.99917, 2536.72, -573.644, 2.12, -0.0031268, 2.07569e+13, 6.14716e+12
0.0496221, 4.86603e+20, 1.99917, 2536.61, -575.758, 2.12, -0.00313736, 2.08311e+13, 6.1148e+12
0.04981, 4.86731e+20, 1.99917, 2536.5, -577.876, 2.12, -0.00314793, 2.09055e+13, 6.1782e+12
0.049998, 4.86859e+20, 1.99917, 2536.39, -579.996, 2.12, -0.00315852, 2.098e+13, 6.19417e+12
0.050186, 4.86987e+20, 1.99917, 2536.28, -582.121, 2.12, -0.00316912, 2.10545e+13, 6.18174e+12
0.0503739, 4.87115e+20, 1.99917, 2536.17, -584.248, 2.12, -0.00317973, 2.11292e+13, 6.31488e+12
0.0505619, 4.87242e+20, 1.99917, 2536.06, -586.38, 2.12, -0.00319036, 2.1204e+13, 6.21861e+12
0.0507499, 4.87369e+20, 1.99917, 2535.95, -588.514, 2.12, -0.003201, 2.12789e+13, 6.30399e+12
0.0509378, 4.87496e+20, 1.99917, 2535.84, -590.652, 2.12, -0.00321165, 2.13538e+13, 6.31958e+12
0.0511258, 4.87622e+20, 1.99917, 2535.73, -592.794, 2.12, -0.00322232, 2.14289e+13, 6.29019e+12
0.0513137, 4.87749e+20, 1.99917, 2535.62, -594.94, 2.12, -0.00323301, 2.15041e+13, 6.49481e+12
0.0515017, 4.87874e+20, 1.99917, 2535.5, -597.089, 2.12, -0.0032437, 2.15794e+13, 6.32626e+12
0.0516897, 4.88e+20, 1.99917, 2535.39, -599.243, 2.12, -0.00325442, 2.16549e+13, 6.42982e+12
0.0518776, 4.88124e+20, 1.99917, 2535.28, -601.406, 2.12, -0.00326519, 2.17306e+13, 6.44461e+12
0.0520656, 4.88249e+20, 1.99917, 2535.17, -603.581, 2.12, -0.00327602, 2.18068e+13, 6.40394e+12
0.0522536, 4.88373e+20, 1.99917, 2535.05, -605.766, 2.12, -0.0032869, 2.18833e+13, 6.657e+12
0.0524415, 4.88496e+20, 1.99917, 2534.94, -607.962, 2.12, -0.00329783, 2.19601e+13, 6.44114e+12
0.0526295, 4.88619e+20, 1.99917, 2534.82, -610.168, 2.12, -0.00330882, 2.20373e+13, 6.56091e+12
0.0528174, 4.88741e+20, 1.99917, 2534.71, -612.385, 2.12, -0.00331986, 2.21149e+13, 6.57083e+12
0.0530054, 4.88863e+20, 1.99917, 2534.59, -614.613, 2.12, -0.00333095, 2.21928e+13, 6.51488e+12
0.0531934, 4.88984e+20, 1.99917, 2534.48, -616.852, 2.12, -0.0033421, 2.22711e+13, 6.8133e+12
0.0533813, 4.89104e+20, 1.99917, 2534.36, -619.101, 2.12, -0.00335331, 2.23498e+13, 6.55605e+12
0.0535693, 4.89224e+20, 1.99916, 2534.25, -621.361, 2.12, -0.00336457, 2.24288e+13, 6.69295e+12
0.0537573, 4.89343e+20, 1.99916, 2534.13, -623.631, 2.12, -0.00337589, 2.25081e+13, 6.7038e+12
0.0539452, 4.89461e+20, 1.99916, 2534.01, -625.91, 2.12, -0.00338725, 2.25877e+13, 6.62482e+12
0.0541332, 4.89579e+20, 1.99916, 2533.89, -628.192, 2.12, -0.00339863, 2.26675e+13, 6.94343e+12
0.0543211, 4.89695e+20, 1.99916, 2533.77, -630.477, 2.12, -0.00341002, 2.27473e+13, 6.68473e+12
0.0545091, 4.89811e+20, 1.99916, 2533.66, -632.764, 2.12, -0.00342142, 2.28271e+13, 6.81704e+12
0.0546971, 4.89926e+20, 1.99916, 2533.54, -635.054, 2.12, -0.00343283, 2.2907e+13, 6.85546e+12
0.054885, 4.90041e+20, 1.99916, 2533.42, -637.348, 2.12, -0.00344426, 2.2987e+13, 6.75982e+12
0.055073, 4.90155e+20, 1.99916, 2533.3, -639.643, 2.12, -0.0034557, 2.30671e+13, 7.07025e+12
0.055261, 4.90268e+20, 1.99916, 2533.18, -641.94, 2.12, -0.00346715, 2.31472e+13, 6.82668e+12
0.0554489, 4.9038e+20, 1.99916, 2533.06, -644.24, 2.12, -0.00347861, 2.32274e+13, 6.94681e+12
0.0556369, 4.90492e+20, 1.99916, 2532.93, -646.543, 2.12, -0.00349008, 2.33076e+13, 6.98588e+12
0.0558248, 4.90603e+20, 1.99916, 2532.81, -648.848, 2.12, -0.00350156, 2.33879e+13, 6.90465e+12
0.0560128, 4.90714e+20, 1.99916, 2532.69, -651.156, 2.12, -0.00351305, 2.34682e+13, 7.16572e+12
0.0562008, 4.90824e+20, 1.99916, 2532.57, -653.465, 2.12, -0.00352455, 2.35486e+13, 6.95223e+12
0.0563887, 4.90933e+20, 1.99916, 2532.45, -655.77, 2.12, -0.00353602, 2.36288e+13, 7.0596e+12
0.0565767, 4.91042e+20, 1.99916, 2532.32, -658.073, 2.12, -0.00354748, 2.37089e+13, 7.12221e+12
0.0567647, 4.9115e+20, 1.99916, 2532.2, -660.372, 2.12, -0.00355892, 2.37888e+13, 7.02986e+12
0.0569526, 4.91258e+20, 1.99916, 2532.07, -662.668, 2.12, -0.00357033, 2.38686e+13, 7.33991e+12
0.0571406, 4.91365e+20, 1.99916, 2531.95, -664.961, 2.12, -0.00358173, 2.39482e+13, 7.09583e+12
0.0573285, 4.91472e+20, 1.99916, 2531.82, -667.251, 2.12, -0.0035931, 2.40277e+13, 7.20321e+12
0.0575165, 4.91579e+20, 1.99916, 2531.7, -669.538, 2.12, -0.00360445, 2.41071e+13, 7.2355e+12
0.0577045, 4.91685e+20, 1.99916, 2531.57, -671.822, 2.12, -0.00361579, 2.41863e+13, 7.17467e+12
0.0578924, 4.91791e+20, 1.99916, 2531.45, -674.102, 2.12, -0.0036271, 2.42654e+13, 7.43233e+12
0.0580804, 4.91897e+20, 1.99916, 2531.32, -676.379, 2.12, -0.00363838, 2.43443e+13, 7.1874e+12
0.0582684, 4.92003e+20, 1.99916, 2531.19, -678.654, 2.12, -0.00364965, 2.44231e+13, 7.31441e+12
0.0584563, 4.92108e+20, 1.99916, 2531.06, -680.929, 2.12, -0.00366091, 2.45019e+13, 7.37555e+12
0.0586443, 4.92214e+20, 1.99916, 2530.94, -683.209, 2.12, -0.0036722, 2.45808e+13, 7.25903e+12
0.0588322, 4.92319e+20, 1.99916, 2530.81, -685.492, 2.12, -0.0036835, 2.46598e+13, 7.66606e+12
0.0590202, 4.92424e+20, 1.99916, 2530.68, -687.78, 2.12, -0.00369482, 2.4739e+13, 7.28458e+12
0.0592082, 4.92529e+20, 1.99916, 2530.55, -690.071, 2.12, -0.00370615, 2.48182e+13, 7.46174e+12
0.0593961, 4.92633e+20, 1.99916, 2530.42, -692.367, 2.12, -0.0037175, 2.48976e+13, 7.48605e+12
0.0595841, 4.92737e+20, 1.99916, 2530.29, -694.667, 2.12, -0.00372887, 2.49771e+13, 7.30887e+12
0.0597721, 4.92842e+20, 1.99916, 2530.16, -696.971, 2.12, -0.00374025, 2.50567e+13, 7.9139e+12
0.05996, 4.92946e+20, 1.99916, 2530.03, -699.279, 2.12, -0.00375165, 2.51364e+13, 7.32871e+12
0.060148, 4.93049e+20, 1.99916, 2529.89, -701.592, 2.12, -0.00376307, 2.52162e+13, 7.61819e+12
0.0603359, 4.93153e+20, 1.99916, 2529.76, -703.908, 2.12, -0.00377451, 2.52962e+13, 7.64975e+12
0.0605239, 4.93256e+20, 1.99916, 2529.63, -706.229, 2.12, -0.00378596, 2.53763e+13, 7.32345e+12
0.0607119, 4.93359e+20, 1.99916, 2529.5, -708.551, 2.12, -0.00379741, 2.54564e+13, 8.27326e+12
0.0608998, 4.93462e+20, 1.99916, 2529.36, -710.873, 2.12, -0.00380887, 2.55364e+13, 7.33097e+12
0.0610878, 4.93564e+20, 1.99916, 2529.23, -713.196, 2.12, -0.00382032, 2.56165e+13, 7.73697e+12
0.0612758, 4.93666e+20, 1.99916, 2529.09, -715.52, 2.12, -0.00383177, 2.56965e+13, 7.82519e+12
0.0614637, 4.93768e+20, 1.99916, 2528.96, -717.844, 2.12, -0.00384321, 2.57766e+13, 7.27963e+12
0.0616517, 4.9387e+20, 1.99916, 2528.83, -720.168, 2.12, -0.00385466, 2.58566e+13, 8.85966e+12
0.0618396, 4.93972e+20, 1.99916, 2528.69, -722.493, 2.12, -0.0038661, 2.59366e+13, 7.38403e+12
0.0620276, 4.94073e+20, 1.99916, 2528.55, -724.818, 2.12, -0.00387753, 2.60165e+13, 7.83152e+12
0.0622156, 4.94174e+20, 1.99916, 2528.42, -727.145, 2.12, -0.00388898, 2.60965e+13, 7.9528e+12
0.0624035, 4.94275e+20, 1.99916, 2528.28, -729.471, 2.12, -0.00390041, 2.61765e+13, 7.34567e+12
0.0625915, 4.94376e+20, 1.99916, 2528.14, -731.797, 2.12, -0.00391184, 2.62564e+13, 9.21188e+12
0.0627795, 4.94476e+20, 1.99916, 2528.01, -734.124, 2.12, -0.00392327, 2.63363e+13, 7.36577e+12
0.0629674, 4.94577e+20, 1.99916, 2527.87, -736.452, 2.12, -0.00393469, 2.64162e+13, 7.91301e+12
0.0631554, 4.94677e+20, 1.99916, 2527.73, -738.782, 2.12, -0.00394612, 2.64961e+13, 8.10512e+12
0.0633433, 4.94777e+20, 1.99916, 2527.59, -741.112, 2.12, -0.00395755, 2.6576e+13, 7.34747e+12
0.0635313, 4.94877e+20, 1.99916, 2527.45, -743.444, 2.12, -0.00396899, 2.6656e+13, 9.6237e+12
0.0637193, 4.94976e+20, 1.99916, 2527.31, -745.777, 2.12, -0.00398042, 2.67359e+13, 7.60858e+12
0.0639072, 4.95076e+20, 1.99916, 2527.17, -748.111, 2.12, -0.00399185, 2.68159e+13, 8.07883e+12
0.0640952, 4.95175e+20, 1.99916, 2527.03, -750.446, 2.12, -0.00400329, 2.68958e+13, 8.22107e+12
0.0642832, 4.95274e+20, 1.99916, 2526.89, -752.782, 2.12, -0.00401472, 2.69758e+13, 7.57725e+12
0.0644711, 4.95373e+20, 1.99916, 2526.75, -755.12, 2.12, -0.00402616, 2.70558e+13, 9.44665e+12
0.0646591, 4.95471e+20, 1.99916, 2526.6, -757.458, 2.12, -0.0040376, 2.71357e+13, 7.78141e+12
0.064847, 4.9557e+20, 1.99916, 2526.46, -759.798, 2.12, -0.00404904, 2.72157e+13, 8.2268e+12
0.065035, 4.95668e+20, 1.99916, 2526.32, -762.14, 2.12, -0.00406048, 2.72957e+13, 8.37949e+12
0.065223, 4.95766e+20, 1.99916, 2526.17, -764.483, 2.12, -0.00407192, 2.73758e+13, 7.79327e+12
0.0654109, 4.95864e+20, 1.99916, 2526.03, -766.827, 2.12, -0.00408337, 2.74558e+13, 9.26431e+12
0.0655989, 4.95962e+20, 1.99916, 2525.89, -769.173, 2.12, -0.00409483, 2.75359e+13, 8.03971e+12
0.0657869, 4.9606e+20, 1.99916, 2525.74, -771.521, 2.12, -0.00410628, 2.7616e+13, 8.33683e+12
0.0659748, 4.96157e+20, 1.99916, 2525.6, -773.872, 2.12, -0.00411775, 2.76961e+13, 8.57527e+12
0.0661628, 4.96255e+20, 1.99916, 2525.45, -776.224, 2.12, -0.00412921, 2.77763e+13, 8.12001e+12
0.0663507, 4.96352e+20, 1.99916, 2525.3, -778.577, 2.12, -0.00414068, 2.78565e+13, 9.0504e+12
0.0665387, 4.96449e+20, 1.99916, 2525.16, -780.931, 2.12, -0.00415215, 2.79367e+13, 8.26214e+12
0.0667267, 4.96545e+20, 1.99916, 2525.01, -783.288, 2.12, -0.00416363, 2.80169e+13, 8.49463e+12
0.0669146, 4.96642e+20, 1.99916, 2524.86, -785.646, 2.12, -0.0041751, 2.80971e+13, 8.67526e+12
0.0671026, 4.96739e+20, 1.99916, 2524.72, -788.006, 2.12, -0.00418658, 2.81774e+13, 8.31538e+12
0.0672906, 4.96835e+20, 1.99916, 2524.57, -790.368, 2.12, -0.00419807, 2.82577e+13, 9.12642e+12
0.0674785, 4.96931e+20, 1.99916, 2524.42, -792.732, 2.12, -0.00420957, 2.83381e+13, 8.46117e+12
0.0676665, 4.97027e+20, 1.99916, 2524.27, -795.1, 2.12, -0.00422108, 2.84185e+13, 8.64561e+12
0.0678544, 4.97123e+20, 1.99916, 2524.12, -797.471, 2.12, -0.00423259, 2.8499e+13, 8.77066e+12
0.0680424, 4.97219e+20, 1.99916, 2523.97, -799.844, 2.12, -0.00424412, 2.85796e+13, 8.49604e+12
0.0682304, 4.97314e+20, 1.99916, 2523.82, -802.22, 2.12, -0.00425566, 2.86602e+13, 9.33809e+12
0.0684183, 4.9741e+20, 1.99916, 2523.67, -804.599, 2.12, -0.0042672, 2.87409e+13, 8.56127e+12
0.0686063, 4.97505e+20, 1.99916, 2523.52, -806.981, 2.12, -0.00427876, 2.88216e+13, 8.78948e+12
0.0687943, 4.976e+20, 1.99916, 2523.36, -809.365, 2.12, -0.00429032, 2.89025e+13, 8.88708e+12
0.0689822, 4.97696e+20, 1.99916, 2523.21, -811.753, 2.12, -0.00430189, 2.89833e+13, 8.56879e+12
0.0691702, 4.97791e+20, 1.99916, 2523.06, -814.143, 2.12, -0.00431348, 2.90643e+13, 9.55072e+12
0.0693581, 4.97885e+20, 1.99916, 2522.91, -816.536, 2.12, -0.00432507, 2.91453e+13, 8.55014e+12
0.0695461, 4.9798e+20, 1.99916, 2522.75, -818.935, 2.12, -0.00433669, 2.92265e+13, 8.8564e+12
0.0697341, 4.98075e+20, 1.99916, 2522.6, -821.339, 2.12, -0.00434833, 2.93078e+13, 9.0765e+12
0.069922, 4.98169e+20, 1.99916, 2522.44, -823.749, 2.12, -0.00435999, 2.93893e+13, 8.46685e+12
0.07011, 4.98263e+20, 1.99916, 2522.29, -826.164, 2.12, -0.00437168, 2.94709e+13, 1.0468e+13
0.070298, 4.98357e+20, 1.99916, 2522.13, -828.584, 2.12, -0.00438339, 2.95527e+13, 8.69854e+12
0.0704859, 4.98452e+20, 1.99916, 2521.98, -831.011, 2.12, -0.00439512, 2.96347e+13, 9.05591e+12
0.0706739, 4.98546e+20, 1.99916, 2521.82, -833.443, 2.12, -0.00440688, 2.97168e+13, 9.18942e+12
0.0708618, 4.98639e+20, 1.99916, 2521.66, -835.881, 2.12, -0.00441867, 2.97991e+13, 8.59994e+12
0.0710498, 4.98733e+20, 1.99916, 2521.51, -838.324, 2.12, -0.00443047, 2.98815e+13, 1.0325e+13
0.0712378, 4.98827e+20, 1.99916, 2521.35, -840.774, 2.12, -0.00444231, 2.99641e+13, 9.08077e+12
0.0714257, 4.9892e+20, 1.99916, 2521.19, -843.229, 2.12, -0.00445416, 3.00469e+13, 9.14369e+12
0.0716137, 4.99014e+20, 1.99916, 2521.03, -845.689, 2.12, -0.00446604, 3.01299e+13, 9.41009e+12
0.0718017, 4.99107e+20, 1.99916, 2520.87, -848.158, 2.12, -0.00447796, 3.0213e+13, 9.22906e+12
0.0719896, 4.992e+20, 1.99916, 2520.71, -850.635, 2.12, -0.00448991, 3.02965e+13, 9.25709e+12
0.0721776, 4.99294e+20, 1.99915, 2520.55, -853.119, 2.12, -0.0045019, 3.03801e+13, 9.43906e+12
0.0723655, 4.99387e+20, 1.99915, 2520.39, -855.611, 2.12, -0.00451392, 3.0464e+13, 9.2836e+12
0.0725535, 4.9948e+20, 1.99915, 2520.23, -858.112, 2.12, -0.00452598, 3.05482e+13, 9.52776e+12
0.0727415, 4.99572e+20, 1.99915, 2520.07, -860.62, 2.12, -0.00453808, 3.06326e+13, 9.92384e+12
0.0729294, 4.99665e+20, 1.99915, 2519.91, -863.136, 2.12, -0.00455021, 3.07172e+13, 7.78849e+12
0.0731174, 4.99758e+20, 1.99915, 2519.74, -865.661, 2.12, -0.00456238, 3.08021e+13, 9.70857e+12
0.0733054, 4.9985e+20, 1.99915, 2519.58, -868.194, 2.12, -0.00457458, 3.08872e+13, 9.4291e+12
0.0734933, 4.99943e+20, 1.99915, 2519.42, -870.734, 2.12, -0.00458682, 3.09725e+13, 9.61529e+12
0.0736813, 5.00035e+20, 1.99915, 2519.25, -873.282, 2.12, -0.00459909, 3.10581e+13, 1.00433e+13
0.0738692, 5.00127e+20, 1.99915, 2519.09, -875.839, 2.12, -0.00461141, 3.1144e+13, 7.83009e+12
0.0740572, 5.0022e+20, 1.99915, 2518.93, -878.408, 2.12, -0.00462378, 3.12302e+13, 9.53805e+12
0.0742452, 5.00312e+20, 1.99915, 2518.76, -880.988, 2.12, -0.00463621, 3.13168e+13, 9.33353e+12
0.0744331, 5.00403e+20, 1.99915, 2518.59, -883.58, 2.12, -0.00464868, 3.14038e+13, 9.8995e+12
0.0746211, 5.00495e+20, 1.99915, 2518.43, -886.184, 2.12, -0.00466122, 3.14911e+13, 9.01906e+12
0.0748091, 5.00587e+20, 1.99915, 2518.26, -888.799, 2.12, -0.00467381, 3.15788e+13, 1.292e+13
0.074997, 5.00679e+20, 1.99915, 2518.09, -891.426, 2.12, -0.00468645, 3.16669e+13, 9.38434e+12
0.075185, 5.0077e+20, 1.99915, 2517.93, -894.064, 2.12, -0.00469915, 3.17553e+13, 1.0296e+13
0.0753729, 5.00861e+20, 1.99915, 2517.76, -896.714, 2.12, -0.00471191, 3.18441e+13, 9.37133e+12
0.0755609, 5.00953e+20, 1.99915, 2517.59, -899.375, 2.12, -0.00472471, 3.19333e+13, 8.27948e+12
0.0757489, 5.01044e+20, 1.99915, 2517.42, -902.048, 2.12, -0.00473758, 3.20228e+13, 1.09258e+13
0.0759368, 5.01135e+20, 1.99915, 2517.25, -904.733, 2.12, -0.00475049, 3.21127e+13, 9.70633e+12
0.0761248, 5.01225e+20, 1.99915, 2517.08, -907.43, 2.12, -0.00476347, 3.2203e+13, 9.84187e+12
0.0763128, 5.01316e+20, 1.99915, 2516.91, -910.139, 2.12, -0.0047765, 3.22936e+13, 1.00331e+13
0.0765007, 5.01407e+20, 1.99915, 2516.74, -912.86, 2.12, -0.00478959, 3.23847e+13, 9.93456e+12
0.0766887, 5.01497e+20, 1.99915, 2516.57, -915.593, 2.12, -0.00480273, 3.24761e+13, 1.01513e+13
0.0768766, 5.01587e+20, 1.99915, 2516.39, -918.339, 2.12, -0.00481595, 3.25679e+13, 1.00298e+13
0.0770646, 5.01677e+20, 1.99915, 2516.22, -921.097, 2.12, -0.00482921, 3.26601e+13, 1.01088e+13
0.0772526, 5.01767e+20, 1.99915, 2516.05, -923.866, 2.12, -0.00484252, 3.27527e+13, 1.01878e+13
0.0774405, 5.01857e+20, 1.99915, 2515.87, -926.648, 2.12, -0.0048559, 3.28456e+13, 1.02064e+13
0.0776285, 5.01947e+20, 1.99915, 2515.7, -929.441, 2.12, -0.00486933, 3.29389e+13, 9.98398e+12
0.0778165, 5.02037e+20, 1.99915, 2515.52, -932.247, 2.12, -0.00488282, 3.30326e+13, 1.02687e+13
0.0780044, 5.02126e+20, 1.99915, 2515.35, -935.065, 2.12, -0.00489636, 3.31267e+13, 1.02779e+13
0.0781924, 5.02215e+20, 1.99915, 2515.17, -937.895, 2.12, -0.00490996, 3.32211e+13, 1.02724e+13
0.0783803, 5.02305e+20, 1.99915, 2515, -940.738, 2.12, -0.00492363, 3.3316e+13, 1.0386e+13
0.0785683, 5.02394e+20, 1.99915, 2514.82, -943.594, 2.12, -0.00493735, 3.34112e+13, 1.01639e+13
0.0787563, 5.02483e+20, 1.99915, 2514.64, -946.462, 2.12, -0.00495113, 3.35069e+13, 1.04428e+13
0.0789442, 5.02572e+20, 1.99915, 2514.46, -949.344, 2.12, -0.00496498, 3.36029e+13, 1.04272e+13
0.0791322, 5.0266e+20, 1.99915, 2514.28, -952.238, 2.12, -0.00497888, 3.36994e+13, 1.03912e+13
0.0793202, 5.02749e+20, 1.99915, 2514.1, -955.146, 2.12, -0.00499285, 3.37963e+13, 1.04925e+13
0.0795081, 5.02837e+20, 1.99915, 2513.92, -958.066, 2.12, -0.00500687, 3.38935e+13, 1.04975e+13
0.0796961, 5.02926e+20, 1.99915, 2513.74, -960.999, 2.12, -0.00502096, 3.39912e+13, 1.0522e+13
0.079884, 5.03014e+20, 1.99915, 2513.56, -963.945, 2.12, -0.0050351, 3.40893e+13, 1.05444e+13
0.080072, 5.03102e+20, 1.99915, 2513.38, -966.904, 2.12, -0.00504931, 3.41878e+13, 1.05601e+13
0.08026, 5.0319e+20, 1.99915, 2513.2, -969.876, 2.12, -0.00506358, 3.42866e+13, 1.05427e+13
0.0804479, 5.03278e+20, 1.99915, 2513.02, -972.863, 2.12, -0.00507792, 3.4386e+13, 1.10291e+13
0.0806359, 5.03366e+20, 1.99915, 2512.83, -975.863, 2.12, -0.00509232, 3.44857e+13, 1.04833e+13
0.0808239, 5.03453e+20, 1.99915, 2512.65, -978.877, 2.12, -0.00510679, 3.45859e+13, 1.06038e+13
0.0810118, 5.03541e+20, 1.99915, 2512.47, -981.906, 2.12, -0.00512132, 3.46866e+13, 1.08926e+13
0.0811998, 5.03628e+20, 1.99915, 2512.28, -984.949, 2.12, -0.00513592, 3.47877e+13, 1.04535e+13
0.0813877, 5.03715e+20, 1.99915, 2512.1, -988.007, 2.12, -0.0051506, 3.48892e+13, 1.18606e+13
0.0815757, 5.03802e+20, 1.99915, 2511.91, -991.079, 2.12, -0.00516533, 3.49912e+13, 1.04267e+13
0.0817637, 5.03889e+20, 1.99915, 2511.72, -994.165, 2.12, -0.00518014, 3.50937e+13, 1.07012e+13
0.0819516, 5.03976e+20, 1.99915, 2511.54, -997.266, 2.12, -0.00519502, 3.51966e+13, 1.11328e+13
0.0821396, 5.04063e+20, 1.99915, 2511.35, -1000.38, 2.12, -0.00520996, 3.52999e+13, 1.04184e+13
0.0823276, 5.04149e+20, 1.99915, 2511.16, -1003.51, 2.12, -0.00522497, 3.54037e+13, 1.24975e+13
0.0825155, 5.04236e+20, 1.99915, 2510.97, -1006.66, 2.12, -0.00524005, 3.5508e+13, 1.03818e+13
0.0827035, 5.04322e+20, 1.99915, 2510.78, -1009.82, 2.12, -0.00525521, 3.56128e+13, 1.06539e+13
0.0828914, 5.04409e+20, 1.99915, 2510.59, -1012.99, 2.12, -0.00527045, 3.57181e+13, 1.15159e+13
0.0830794, 5.04495e+20, 1.99915, 2510.4, -1016.19, 2.12, -0.00528577, 3.5824e+13, 1.04988e+13
0.0832674, 5.04581e+20, 1.99915, 2510.21, -1019.4, 2.12, -0.00530117, 3.59304e+13, 1.2831e+13
0.0834553, 5.04666e+20, 1.99915, 2510.02, -1022.63, 2.12, -0.00531665, 3.60373e+13, 1.04883e+13
0.0836433, 5.04752e+20, 1.99915, 2509.82, -1025.88, 2.12, -0.00533222, 3.61448e+13, 1.08087e+13
0.0838313, 5.04838e+20, 1.99915, 2509.63, -1029.14, 2.12, -0.00534786, 3.62528e+13, 1.16382e+13
0.0840192, 5.04923e+20, 1.99915, 2509.44, -1032.42, 2.12, -0.00536359, 3.63614e+13, 1.06819e+13
0.0842072, 5.05008e+20, 1.99915, 2509.24, -1035.72, 2.12, -0.00537941, 3.64705e+13, 1.26127e+13
0.0843951, 5.05094e+20, 1.99915, 2509.05, -1039.04, 2.12, -0.0053953, 3.65802e+13, 1.07639e+13
0.0845831, 5.05179e+20, 1.99915, 2508.85, -1042.37, 2.12, -0.00541127, 3.66903e+13, 1.09919e+13
0.0847711, 5.05264e+20, 1.99915, 2508.66, -1045.72, 2.12, -0.00542732, 3.68011e+13, 1.17017e+13
0.084959, 5.05348e+20, 1.99915, 2508.46, -1049.09, 2.12, -0.00544346, 3.69123e+13, 1.09857e+13
0.085147, 5.05433e+20, 1.99915, 2508.26, -1052.47, 2.12, -0.00545967, 3.70241e+13, 1.23282e+13
0.085335, 5.05518e+20, 1.99915, 2508.06, -1055.87, 2.12, -0.00547597, 3.71364e+13, 1.10648e+13
0.0855229, 5.05602e+20, 1.99915, 2507.87, -1059.29, 2.12, -0.00549235, 3.72492e+13, 1.13118e+13
0.0857109, 5.05686e+20, 1.99915, 2507.67, -1062.73, 2.12, -0.0055088, 3.73626e+13, 1.17304e+13
0.0858988, 5.0577e+20, 1.99915, 2507.47, -1066.18, 2.12, -0.00552534, 3.74765e+13, 1.13118e+13
0.0860868, 5.05854e+20, 1.99915, 2507.27, -1069.65, 2.12, -0.00554196, 3.7591e+13, 1.14956e+13
0.0862748, 5.05938e+20, 1.99915, 2507.06, -1073.14, 2.12, -0.00555866, 3.7706e+13, 1.1571e+13
0.0864627, 5.06022e+20, 1.99915, 2506.86, -1076.64, 2.12, -0.00557543, 3.78215e+13, 1.16569e+13
0.0866507, 5.06106e+20, 1.99915, 2506.66, -1080.16, 2.12, -0.00559229, 3.79375e+13, 1.17524e+13
0.0868387, 5.0619e+20, 1.99915, 2506.46, -1083.7, 2.12, -0.00560923, 3.80541e+13, 1.23529e+13
0.0870266, 5.06274e+20, 1.99915, 2506.25, -1087.27, 2.12, -0.00562629, 3.81715e+13, 8.64238e+12
0.0872146, 5.06357e+20, 1.99915, 2506.05, -1090.86, 2.12, -0.00564349, 3.82898e+13, 1.26428e+13
0.0874025, 5.06441e+20, 1.99915, 2505.84, -1094.48, 2.12, -0.00566085, 3.84092e+13, 1.22983e+13
0.0875905, 5.06524e+20, 1.99915, 2505.64, -1098.14, 2.12, -0.00567835, 3.85295e+13, 1.11145e+13
0.0877785, 5.06607e+20, 1.99915, 2505.43, -1101.83, 2.12, -0.00569601, 3.86509e+13, 1.33881e+13
0.0879664, 5.0669e+20, 1.99915, 2505.22, -1105.54, 2.12, -0.0057138, 3.87732e+13, 5.82304e+12
0.0881544, 5.06773e+20, 1.99915, 2505.01, -1109.28, 2.12, -0.00573174, 3.88964e+13, 1.42517e+13
0.0883424, 5.06855e+20, 1.99915, 2504.8, -1113.06, 2.12, -0.00574983, 3.90207e+13, 1.35753e+13
0.0885303, 5.06938e+20, 1.99915, 2504.59, -1116.87, 2.12, -0.00576807, 3.91459e+13, 9.38837e+12
0.0887183, 5.0702e+20, 1.99915, 2504.38, -1120.7, 2.12, -0.00578646, 3.92721e+13, 1.46533e+13
0.0889062, 5.07101e+20, 1.99915, 2504.17, -1124.57, 2.12, -0.005805, 3.93992e+13, 3.18214e+12
0.0890942, 5.07183e+20, 1.99915, 2503.96, -1128.46, 2.12, -0.00582366, 3.95273e+13, 1.5025e+13
0.0892822, 5.07264e+20, 1.99915, 2503.75, -1132.36, 2.12, -0.00584235, 3.96554e+13, 1.38749e+13
0.0894701, 5.07345e+20, 1.99915, 2503.54, -1136.26, 2.12, -0.00586104, 3.97835e+13, 9.34603e+12
0.0896581, 5.07426e+20, 1.99915, 2503.32, -1140.16, 2.12, -0.00587973, 3.99116e+13, 1.51053e+13
0.0898461, 5.07507e+20, 1.99915, 2503.11, -1144.07, 2.12, -0.00589842, 4.00397e+13, 6.42785e+12
0.090034, 5.07587e+20, 1.99915, 2502.89, -1147.97, 2.12, -0.00591711, 4.01678e+13, 1.31136e+13
0.090222, 5.07668e+20, 1.99915, 2502.68, -1151.88, 2.12, -0.00593579, 4.02959e+13, 1.23635e+13
0.0904099, 5.0775e+20, 1.99915, 2502.46, -1155.79, 2.12, -0.00595448, 4.04239e+13, 1.27296e+13
0.0905979, 5.07831e+20, 1.99915, 2502.24, -1159.7, 2.12, -0.00597316, 4.05519e+13, 1.24565e+13
0.0907859, 5.07913e+20, 1.99915, 2502.02, -1163.62, 2.12, -0.00599183, 4.068e+13, 1.7639e+13
0.0909738, 5.07995e+20, 1.99915, 2501.8, -1167.54, 2.12, -0.0060105, 4.0808e+13, 9.65784e+12
0.0911618, 5.08078e+20, 1.99915, 2501.58, -1171.45, 2.12, -0.00602916, 4.09359e+13, 1.10498e+13
0.0913498, 5.08161e+20, 1.99915, 2501.36, -1175.38, 2.12, -0.00604783, 4.1064e+13, 1.45452e+13
0.0915377, 5.08245e+20, 1.99914, 2501.14, -1179.31, 2.12, -0.00606653, 4.11923e+13, 8.95214e+12
0.0917257, 5.0833e+20, 1.99914, 2500.92, -1183.25, 2.12, -0.00608524, 4.13207e+13, 2.7192e+13
0.0919136, 5.08415e+20, 1.99914, 2500.7, -1187.2, 2.12, -0.00610396, 4.14493e+13, 4.71671e+12
0.0921016, 5.08501e+20, 1.99914, 2500.47, -1191.15, 2.12, -0.00612271, 4.1578e+13, 1.07463e+13
0.0922896, 5.08588e+20, 1.99914, 2500.25, -1195.11, 2.12, -0.00614147, 4.17069e+13, 1.90057e+13
0.0924775, 5.08676e+20, 1.99914, 2500.02, -1199.08, 2.12, -0.00616025, 4.1836e+13, 8.29264e+12
0.0926655, 5.08765e+20, 1.99914, 2499.8, -1203.06, 2.12, -0.00617904, 4.19653e+13, 1.10682e+13
0.0928535, 5.08854e+20, 1.99914, 2499.57, -1207.04, 2.12, -0.00619786, 4.20948e+13, 1.2246e+13
0.0930414, 5.08944e+20, 1.99914, 2499.35, -1211.03, 2.12, -0.00621669, 4.22244e+13, 1.26974e+13
0.0932294, 5.09036e+20, 1.99914, 2499.12, -1215.03, 2.12, -0.00623553, 4.23542e+13, 1.27384e+13
0.0934173, 5.09128e+20, 1.99914, 2498.89, -1219.04, 2.12, -0.0062544, 4.24842e+13, 1.27522e+13
0.0936053, 5.09221e+20, 1.99914, 2498.66, -1223.09, 2.12, -0.00627342, 4.26154e+13, 1.33969e+13
0.0937933, 5.09315e+20, 1.99914, 2498.43, -1227.17, 2.12, -0.00629263, 4.27478e+13, 1.26386e+13
0.0939812, 5.0941e+20, 1.99914, 2498.2, -1231.29, 2.12, -0.00631201, 4.28815e+13, 1.28612e+13
0.0941692, 5.09506e+20, 1.99914, 2497.97, -1235.46, 2.12, -0.00633158, 4.30166e+13, 1.30131e+13
0.0943572, 5.09602e+20, 1.99914, 2497.73, -1239.66, 2.12, -0.00635134, 4.31529e+13, 1.29848e+13
0.0945451, 5.09699e+20, 1.99914, 2497.5, -1243.91, 2.12, -0.00637127, 4.32906e+13, 1.30041e+13
0.0947331, 5.09797e+20, 1.99914, 2497.27, -1248.19, 2.12, -0.0063914, 4.34295e+13, 1.3007e+13
0.094921, 5.09895e+20, 1.99914, 2497.03, -1252.52, 2.12, -0.00641171, 4.35697e+13, 1.30293e+13
0.095109, 5.09994e+20, 1.99914, 2496.79, -1256.88, 2.12, -0.00643222, 4.37114e+13, 1.3137e+13
0.095297, 5.10092e+20, 1.99914, 2496.56, -1261.29, 2.12, -0.0064529, 4.38542e+13, 1.31272e+13
0.0954849, 5.10192e+20, 1.99914, 2496.32, -1265.74, 2.12, -0.00647377, 4.39983e+13, 1.32696e+13
0.0956729, 5.10291e+20, 1.99914, 2496.08, -1270.22, 2.12, -0.00649483, 4.41437e+13, 1.30993e+13
0.0958609, 5.1039e+20, 1.99914, 2495.84, -1274.75, 2.12, -0.0065161, 4.42905e+13, 1.31555e+13
0.0960488, 5.1049e+20, 1.99914, 2495.6, -1279.32, 2.12, -0.00653756, 4.44387e+13, 1.3458e+13
0.0962368, 5.1059e+20, 1.99914, 2495.36, -1283.94, 2.12, -0.00655923, 4.45882e+13, 1.32254e+13
0.0964247, 5.10689e+20, 1.99914, 2495.12, -1288.59, 2.12, -0.00658109, 4.47391e+13, 1.35687e+13
0.0966127, 5.10789e+20, 1.99914, 2494.88, -1293.29, 2.12, -0.00660316, 4.48913e+13, 1.32495e+13
0.0968007, 5.10889e+20, 1.99914, 2494.63, -1298.04, 2.12, -0.00662543, 4.50449e+13, 1.33951e+13
0.0969886, 5.10989e+20, 1.99914, 2494.39, -1302.82, 2.12, -0.0066479, 4.51999e+13, 1.35237e+13
0.0971766, 5.11088e+20, 1.99914, 2494.14, -1307.65, 2.12, -0.00667058, 4.53562e+13, 1.33938e+13
0.0973645, 5.11187e+20, 1.99914, 2493.9, -1312.52, 2.12, -0.00669346, 4.55138e+13, 1.36517e+13
0.0975525, 5.11286e+20, 1.99914, 2493.65, -1317.43, 2.12, -0.00671654, 4.56728e+13, 1.33944e+13
0.0977405, 5.11385e+20, 1.99914, 2493.4, -1322.38, 2.12, -0.00673983, 4.58332e+13, 1.34413e+13
0.0979284, 5.11484e+20, 1.99914, 2493.15, -1327.39, 2.12, -0.00676336, 4.59952e+13, 1.38307e+13
0.0981164, 5.11582e+20, 1.99914, 2492.9, -1332.45, 2.12, -0.00678716, 4.6159e+13, 1.34752e+13
0.0983044, 5.1168e+20, 1.99914, 2492.65, -1337.56, 2.12, -0.00681121, 4.63244e+13, 1.39421e+13
0.0984923, 5.11777e+20, 1.99914, 2492.4, -1342.73, 2.12, -0.00683553, 4.64916e+13, 1.35192e+13
0.0986803, 5.11874e+20, 1.99914, 2492.15, -1347.95, 2.12, -0.00686012, 4.66606e+13, 1.35732e+13
0.0988682, 5.1197e+20, 1.99914, 2491.89, -1353.23, 2.12, -0.00688497, 4.68313e+13, 1.404e+13
0.0990562, 5.12066e+20, 1.99914, 2491.64, -1358.55, 2.12, -0.00691007, 4.70036e+13, 1.36287e+13
0.0992442, 5.12161e+20, 1.99914, 2491.38, -1363.93, 2.12, -0.00693544, 4.71777e+13, 1.41858e+13
0.0994321, 5.12256e+20, 1.99914, 2491.13, -1369.37, 2.12, -0.00696107, 4.73534e+13, 1.37191e+13
0.0996201, 5.12349e+20, 1.99914, 2490.87, -1374.85, 2.12, -0.00698697, 4.75309e+13, 1.37836e+13
0.0998081, 5.12442e+20, 1.99914, 2490.61, -1380.4, 2.12, -0.00701312, 4.771e+13, 1.41386e+13
0.099996, 5.12534e+20, 1.99914, 2490.35, -1385.99, 2.12, -0.00703957, 4.78911e+13, 1.38649e+13
0.100184, 5.12626e+20, 1.99914, 2490.09, -1391.66, 2.12, -0.00706635, 4.80742e+13, 1.42474e+13
0.100372, 5.12716e+20, 1.99914, 2489.83, -1397.39, 2.12, -0.00709346, 4.82595e+13, 1.39946e+13
0.10056, 5.12805e+20, 1.99914, 2489.56, -1403.19, 2.12, -0.0071209, 4.8447e+13, 1.40495e+13
0.100748, 5.12893e+20, 1.99914, 2489.3, -1409.05, 2.12, -0.00714867, 4.86365e+13, 1.41698e+13
0.100936, 5.12981e+20, 1.99914, 2489.03, -1414.99, 2.12, -0.00717678, 4.88283e+13, 1.41535e+13
0.101124, 5.13067e+20, 1.99914, 2488.77, -1420.98, 2.12, -0.00720522, 4.90221e+13, 1.41921e+13
0.101312, 5.13152e+20, 1.99914, 2488.5, -1427.05, 2.12, -0.00723399, 4.92181e+13, 1.43013e+13
0.1015, 5.13235e+20, 1.99914, 2488.23, -1433.18, 2.12, -0.0072631, 4.94162e+13, 1.43129e+13
0.101688, 5.13318e+20, 1.99914, 2487.96, -1439.38, 2.12, -0.00729255, 4.96164e+13, 1.41788e+13
0.101876, 5.13399e+20, 1.99914, 2487.69, -1445.64, 2.12, -0.00732233, 4.98188e+13, 1.44949e+13
0.102064, 5.13478e+20, 1.99914, 2487.42, -1451.97, 2.12, -0.00735245, 5.00232e+13, 1.42335e+13
0.102252, 5.13557e+20, 1.99914, 2487.14, -1458.37, 2.12, -0.00738294, 5.023e+13, 1.45688e+13
0.10244, 5.13633e+20, 1.99914, 2486.87, -1464.86, 2.12, -0.00741382, 5.04394e+13, 1.46013e+13
0.102627, 5.13709e+20, 1.99914, 2486.59, -1471.41, 2.12, -0.00744507, 5.06509e+13, 1.42919e+13
0.102815, 5.13782e+20, 1.99914, 2486.32, -1478.04, 2.12, -0.00747669, 5.08649e+13, 1.48453e+13
0.103003, 5.13855e+20, 1.99914, 2486.04, -1484.74, 2.12, -0.0075087, 5.10812e+13, 1.42471e+13
0.103191, 5.13925e+20, 1.99914, 2485.76, -1491.51, 2.12, -0.00754108, 5.12999e+13, 1.48675e+13
0.103379, 5.13994e+20, 1.99914, 2485.48, -1498.37, 2.12, -0.00757385, 5.1521e+13, 1.49129e+13
0.103567, 5.14061e+20, 1.99914, 2485.19, -1505.29, 2.12, -0.007607, 5.17444e+13, 1.42849e+13
0.103755, 5.14127e+20, 1.99914, 2484.91, -1512.29, 2.12, -0.00764052, 5.19702e+13, 1.51473e+13
0.103943, 5.14191e+20, 1.99914, 2484.63, -1519.37, 2.12, -0.00767443, 5.21984e+13, 1.42368e+13
0.104131, 5.14253e+20, 1.99914, 2484.34, -1526.51, 2.12, -0.00770873, 5.24289e+13, 1.51528e+13
0.104319, 5.14313e+20, 1.99914, 2484.05, -1533.75, 2.12, -0.00774348, 5.26622e+13, 1.5213e+13
0.104507, 5.14371e+20, 1.99914, 2483.76, -1541.11, 2.12, -0.00777884, 5.28995e+13, 1.43998e+13
0.104695, 5.14427e+20, 1.99914, 2483.47, -1548.59, 2.12, -0.0078148, 5.31406e+13, 1.5488e+13
0.104883, 5.14482e+20, 1.99914, 2483.18, -1556.18, 2.12, -0.00785138, 5.33855e+13, 1.40451e+13
0.105071, 5.14534e+20, 1.99914, 2482.89, -1563.9, 2.12, -0.00788857, 5.36343e+13, 1.55583e+13
0.105259, 5.14584e+20, 1.99914, 2482.59, -1571.73, 2.12, -0.00792637, 5.38869e+13, 1.56371e+13
0.105447, 5.14631e+20, 1.99914, 2482.3, -1579.68, 2.12, -0.00796479, 5.41434e+13, 1.41646e+13
0.105635, 5.14676e+20, 1.99914, 2482, -1587.75, 2.12, -0.00800383, 5.44038e+13, 1.60563e+13
0.105823, 5.14718e+20, 1.99914, 2481.7, -1595.94, 2.12, -0.00804348, 5.46679e+13, 1.39365e+13
0.106011, 5.14758e+20, 1.99914, 2481.4, -1604.26, 2.12, -0.00808378, 5.49361e+13, 1.60135e+13
0.106199, 5.14795e+20, 1.99914, 2481.1, -1612.68, 2.12, -0.00812467, 5.52079e+13, 1.61605e+13
0.106387, 5.1483e+20, 1.99914, 2480.79, -1621.23, 2.12, -0.00816618, 5.54834e+13, 1.39025e+13
0.106575, 5.14861e+20, 1.99914, 2480.49, -1629.85, 2.12, -0.00820808, 5.57612e+13, 1.67118e+13
0.106763, 5.1489e+20, 1.99914, 2480.18, -1638.53, 2.12, -0.00825031, 5.60408e+13, 1.33783e+13
0.106951, 5.14916e+20, 1.99914, 2479.87, -1647.27, 2.12, -0.00829286, 5.63222e+13, 1.66479e+13
0.107139, 5.1494e+20, 1.99914, 2479.56, -1656.07, 2.12, -0.00833575, 5.66054e+13, 1.67198e+13
0.107327, 5.14961e+20, 1.99914, 2479.25, -1664.93, 2.12, -0.00837895, 5.68904e+13, 1.29555e+13
0.107515, 5.1498e+20, 1.99914, 2478.94, -1673.85, 2.12, -0.00842248, 5.71772e+13, 1.70501e+13
0.107702, 5.14997e+20, 1.99914, 2478.62, -1682.84, 2.12, -0.00846633, 5.74658e+13, 1.36672e+13
0.10789, 5.15012e+20, 1.99914, 2478.3, -1691.88, 2.12, -0.0085105, 5.77562e+13, 1.66063e+13
0.108078, 5.15025e+20, 1.99914, 2477.98, -1700.99, 2.12, -0.00855499, 5.80483e+13, 1.63989e+13
0.108266, 5.15036e+20, 1.99914, 2477.66, -1710.15, 2.12, -0.00859979, 5.83423e+13, 1.41127e+13
0.108454, 5.15045e+20, 1.99914, 2477.34, -1719.38, 2.12, -0.0086449, 5.8638e+13, 1.69321e+13
0.108642, 5.15053e+20, 1.99914, 2477.02, -1728.66, 2.12, -0.00869029, 5.89351e+13, 1.47387e+13
0.10883, 5.15059e+20, 1.99914, 2476.69, -1737.97, 2.12, -0.00873584, 5.92331e+13, 1.62707e+13
0.109018, 5.15064e+20, 1.99914, 2476.36, -1747.31, 2.12, -0.00878156, 5.95319e+13, 1.6549e+13
0.109206, 5.15068e+20, 1.99914, 2476.03, -1756.69, 2.12, -0.00882745, 5.98315e+13, 1.46252e+13
0.109394, 5.15071e+20, 1.99914, 2475.7, -1766.1, 2.12, -0.00887349, 6.01319e+13, 1.64026e+13
0.109582, 5.15073e+20, 1.99914, 2475.37, -1775.55, 2.12, -0.0089197, 6.0433e+13, 1.53243e+13
0.10977, 5.15075e+20, 1.99914, 2475.04, -1785.03, 2.12, -0.00896609, 6.07352e+13, 1.55635e+13
0.109958, 5.15076e+20, 1.99914, 2474.7, -1794.54, 2.12, -0.00901261, 6.1038e+13, 1.54265e+13
0.110146, 5.15077e+20, 1.99914, 2474.36, -1804.08, 2.12, -0.00905928, 6.13416e+13, 1.71559e+13
0.110334, 5.15078e+20, 1.99914, 2474.02, -1813.65, 2.12, -0.00910609, 6.1646e+13, 1.51635e+13
0.110522, 5.15079e+20, 1.99914, 2473.68, -1823.26, 2.12, -0.00915305, 6.19511e+13, 1.81166e+13
0.11071, 5.1508e+20, 1.99914, 2473.34, -1832.9, 2.12, -0.00920017, 6.22572e+13, 1.42641e+13
0.110898, 5.15081e+20, 1.99914, 2472.99, -1842.63, 2.12, -0.00924769, 6.25658e+13, 1.41711e+13
0.111086, 5.15082e+20, 1.99914, 2472.64, -1852.46, 2.12, -0.00929569, 6.28775e+13, 1.98316e+13
0.111274, 5.15084e+20, 1.99914, 2472.29, -1862.39, 2.12, -0.00934417, 6.31922e+13, 1.36449e+13
0.111462, 5.15086e+20, 1.99914, 2471.94, -1872.42, 2.12, -0.00939312, 6.351e+13, 1.98734e+13
0.11165, 5.15088e+20, 1.99914, 2471.59, -1882.55, 2.12, -0.00944256, 6.38308e+13, 1.38666e+13
0.111838, 5.1509e+20, 1.99914, 2471.24, -1892.78, 2.12, -0.00949247, 6.41547e+13, 1.37759e+13
0.112026, 5.15092e+20, 1.99914, 2470.88, -1903.11, 2.12, -0.00954286, 6.44815e+13, 2.02847e+13
0.112214, 5.15094e+20, 1.99914, 2470.52, -1913.54, 2.12, -0.00959373, 6.48114e+13, 1.27027e+13
0.112402, 5.15096e+20, 1.99914, 2470.16, -1924.07, 2.12, -0.00964508, 6.51443e+13, 2.05706e+13
0.11259, 5.15098e+20, 1.99914, 2469.8, -1934.71, 2.12, -0.00969691, 6.54802e+13, 1.41099e+13
0.112777, 5.151e+20, 1.99914, 2469.43, -1945.44, 2.12, -0.00974922, 6.58191e+13, 1.38307e+13
0.112965, 5.15102e+20, 1.99914, 2469.07, -1956.27, 2.12, -0.00980201, 6.6161e+13, 2.1249e+13
0.113153, 5.15104e+20, 1.99914, 2468.7, -1967.2, 2.12, -0.00985529, 6.65059e+13, 1.44461e+13
0.113341, 5.15105e+20, 1.99914, 2468.33, -1978.24, 2.12, -0.00990907, 6.6854e+13, 1.90671e+13
0.113529, 5.15107e+20, 1.99914, 2467.95, -1989.37, 2.12, -0.00996331, 6.72049e+13, 1.60871e+13
0.113717, 5.15108e+20, 1.99914, 2467.58, -2000.61, 2.12, -0.010018, 6.75588e+13, 1.61505e+13
0.113905, 5.15109e+20, 1.99914, 2467.2, -2011.94, 2.12, -0.0100732, 6.79156e+13, 1.72117e+13
0.114093, 5.1511e+20, 1.99913, 2466.82, -2023.38, 2.12, -0.0101289, 6.82754e+13, 1.68021e+13
0.114281, 5.15111e+20, 1.99913, 2466.44, -2034.92, 2.12, -0.0101851, 6.86381e+13, 1.59441e+13
0.114469, 5.15112e+20, 1.99913, 2466.06, -2046.55, 2.12, -0.0102417, 6.90038e+13, 1.87155e+13
0.114657, 5.15113e+20, 1.99913, 2465.67, -2058.29, 2.12, -0.0102988, 6.93724e+13, 1.8933e+13
0.114845, 5.15114e+20, 1.99913, 2465.28, -2070.13, 2.12, -0.0103564, 6.9744e+13, 1.20252e+13
0.115033, 5.15115e+20, 1.99913, 2464.89, -2082.07, 2.12, -0.0104145, 7.01185e+13, 1.97479e+13
0.115221, 5.15116e+20, 1.99913, 2464.5, -2094.13, 2.12, -0.0104731, 7.04968e+13, 1.2491e+13
0.115409, 5.15117e+20, 1.99913, 2464.11, -2106.33, 2.12, -0.0105324, 7.08789e+13, 2.06693e+13
0.115597, 5.15118e+20, 1.99913, 2463.71, -2118.66, 2.12, -0.0105923, 7.1265e+13, 2.14762e+13
0.115785, 5.15119e+20, 1.99913, 2463.31, -2131.12, 2.12, -0.0106529, 7.1655e+13, 1.07211e+13
0.115973, 5.1512e+20, 1.99913, 2462.91, -2143.7, 2.12, -0.010714, 7.20489e+13, 2.23824e+13
0.116161, 5.15121e+20, 1.99913, 2462.5, -2156.42, 2.12, -0.0107758, 7.24467e+13, 1.10732e+13
0.116349, 5.15121e+20, 1.99913, 2462.1, -2169.28, 2.12, -0.0108382, 7.28484e+13, 1.6096e+13
0.116537, 5.15122e+20, 1.99913, 2461.69, -2182.26, 2.12, -0.0109012, 7.32539e+13, 1.84676e+13
0.116725, 5.15123e+20, 1.99913, 2461.28, -2195.37, 2.12, -0.0109649, 7.36633e+13, 1.86001e+13
0.116913, 5.15124e+20, 1.99913, 2460.86, -2208.61, 2.12, -0.0110292, 7.40765e+13, 1.69564e+13
0.117101, 5.15125e+20, 1.99913, 2460.45, -2222, 2.12, -0.0110941, 7.44938e+13, 1.79246e+13
0.117289, 5.15126e+20, 1.99913, 2460.03, -2235.5, 2.12, -0.0111596, 7.49145e+13, 1.73072e+13
0.117477, 5.15127e+20, 1.99913, 2459.61, -2249.11, 2.12, -0.0112256, 7.53386e+13, 1.73789e+13
0.117664, 5.15128e+20, 1.99913, 2459.18, -2262.85, 2.12, -0.0112922, 7.5766e+13, 1.78289e+13
0.117852, 5.15128e+20, 1.99913, 2458.75, -2276.7, 2.12, -0.0113593, 7.61967e+13, 1.77171e+13
0.11804, 5.15129e+20, 1.99913, 2458.33, -2290.67, 2.12, -0.011427, 7.66308e+13, 1.7772e+13
0.118228, 5.1513e+20, 1.99913, 2457.89, -2304.75, 2.12, -0.0114952, 7.70681e+13, 1.76715e+13
0.118416, 5.15131e+20, 1.99913, 2457.46, -2318.96, 2.12, -0.011564, 7.75088e+13, 1.7853e+13
0.118604, 5.15132e+20, 1.99913, 2457.02, -2333.28, 2.12, -0.0116333, 7.79527e+13, 1.7585e+13
0.118792, 5.15133e+20, 1.99913, 2456.58, -2347.71, 2.12, -0.0117032, 7.83999e+13, 1.79629e+13
0.11898, 5.15134e+20, 1.99913, 2456.14, -2362.26, 2.12, -0.0117736, 7.88503e+13, 1.77081e+13
0.119168, 5.15135e+20, 1.99913, 2455.69, -2376.93, 2.12, -0.0118445, 7.9304e+13, 1.79128e+13
0.119356, 5.15136e+20, 1.99913, 2455.25, -2391.73, 2.12, -0.0119161, 7.97613e+13, 1.80247e+13
0.119544, 5.15138e+20, 1.99913, 2454.79, -2406.76, 2.12, -0.0119887, 8.02257e+13, 1.79083e+13
0.119732, 5.15139e+20, 1.99913, 2454.34, -2422.06, 2.12, -0.0120627, 8.06983e+13, 1.817e+13
0.11992, 5.1514e+20, 1.99913, 2453.88, -2437.63, 2.12, -0.0121379, 8.11792e+13, 1.799e+13
0.120108, 5.15141e+20, 1.99913, 2453.42, -2453.46, 2.12, -0.0122144, 8.16683e+13, 1.81088e+13
0.120296, 5.15143e+20, 1.99913, 2452.96, -2469.57, 2.12, -0.0122923, 8.21656e+13, 1.82678e+13
0.120484, 5.15144e+20, 1.99913, 2452.5, -2485.94, 2.12, -0.0123714, 8.26711e+13, 1.79915e+13
0.120672, 5.15145e+20, 1.99913, 2452.03, -2502.59, 2.12, -0.0124518, 8.31851e+13, 1.83696e+13
0.12086, 5.15147e+20, 1.99913, 2451.56, -2519.5, 2.12, -0.0125335, 8.37068e+13, 1.81946e+13
0.121048, 5.15148e+20, 1.99913, 2451.08, -2536.68, 2.12, -0.0126165, 8.42367e+13, 1.83239e+13
0.121236, 5.15149e+20, 1.99913, 2450.6, -2554.12, 2.12, -0.0127007, 8.47746e+13, 1.84506e+13
0.121424, 5.15151e+20, 1.99913, 2450.12, -2571.84, 2.12, -0.0127863, 8.53206e+13, 1.82909e+13
0.121612, 5.15152e+20, 1.99913, 2449.63, -2589.66, 2.12, -0.0128723, 8.58694e+13, 1.85968e+13
0.1218, 5.15153e+20, 1.99913, 2449.15, -2607.31, 2.12, -0.0129574, 8.64117e+13, 1.8359e+13
0.121988, 5.15155e+20, 1.99913, 2448.65, -2624.79, 2.12, -0.0130416, 8.69473e+13, 1.8565e+13
0.122176, 5.15156e+20, 1.99913, 2448.16, -2642.09, 2.12, -0.0131249, 8.74762e+13, 1.87046e+13
0.122364, 5.15158e+20, 1.99913, 2447.66, -2659.21, 2.12, -0.0132072, 8.79983e+13, 1.84252e+13
0.122552, 5.15159e+20, 1.99913, 2447.16, -2676.16, 2.12, -0.0132887, 8.85138e+13, 1.88831e+13
0.122739, 5.15161e+20, 1.99913, 2446.66, -2692.93, 2.12, -0.0133691, 8.90226e+13, 1.84523e+13
0.122927, 5.15163e+20, 1.99913, 2446.15, -2709.53, 2.12, -0.0134487, 8.95246e+13, 1.8893e+13
0.123115, 5.15166e+20, 1.99913, 2445.64, -2725.94, 2.12, -0.0135272, 9.00201e+13, 1.90973e+13
0.123303, 5.15169e+20, 1.99913, 2445.12, -2742.18, 2.12, -0.0136049, 9.05088e+13, 1.82302e+13
0.123491, 5.15172e+20, 1.99913, 2444.61, -2758.25, 2.12, -0.0136816, 9.09909e+13, 1.93466e+13
0.123679, 5.15175e+20, 1.99913, 2444.09, -2774.24, 2.12, -0.0137579, 9.14699e+13, 1.85057e+13
0.123867, 5.15179e+20, 1.99913, 2443.56, -2791.45, 2.12, -0.0138402, 9.19881e+13, 1.92241e+13
0.124055, 5.15183e+20, 1.99913, 2443.04, -2810.27, 2.12, -0.0139304, 9.25585e+13, 1.95665e+13
0.124243, 5.15187e+20, 1.99913, 2442.51, -2830.71, 2.12, -0.0140286, 9.3181e+13, 1.80303e+13
0.124431, 5.15192e+20, 1.99913, 2441.97, -2852.75, 2.12, -0.0141346, 9.38553e+13, 1.99081e+13
0.124619, 5.15196e+20, 1.99913, 2441.43, -2876.4, 2.12, -0.0142485, 9.45812e+13, 1.84323e+13
0.124807, 5.15199e+20, 1.99913, 2440.89, -2901.66, 2.12, -0.0143703, 9.53586e+13, 1.96581e+13
0.124995, 5.15203e+20, 1.99913, 2440.34, -2928.52, 2.12, -0.0145, 9.61874e+13, 1.99295e+13
0.125183, 5.15206e+20, 1.99913, 2439.79, -2956.99, 2.12, -0.0146376, 9.70676e+13, 1.74398e+13
0.125371, 5.15208e+20, 1.99913, 2439.23, -2987.07, 2.12, -0.0147831, 9.79989e+13, 1.99226e+13
0.125559, 5.15209e+20, 1.99913, 2438.67, -3018.76, 2.12, -0.0149364, 9.89813e+13, 1.87152e+13
0.125747, 5.15209e+20, 1.99913, 2438.1, -3052.06, 2.12, -0.0150976, 1.00015e+14, 1.97592e+13
0.125935, 5.15208e+20, 1.99913, 2437.52, -3085.26, 2.12, -0.0152583, 1.01043e+14, 2.03126e+13
0.126123, 5.15206e+20, 1.99913, 2436.94, -3115.18, 2.12, -0.0154026, 1.01962e+14, 1.93703e+13
0.126311, 5.15202e+20, 1.99913, 2436.35, -3141.75, 2.12, -0.0155303, 1.02769e+14, 1.9288e+13
0.126499, 5.15196e+20, 1.99913, 2435.76, -3164.96, 2.12, -0.0156414, 1.03465e+14, 1.97479e+13
0.126687, 5.15188e+20, 1.99913, 2435.16, -3184.81, 2.12, -0.0157359, 1.04051e+14, 1.94845e+13
0.126875, 5.15178e+20, 1.99913, 2434.56, -3201.3, 2.12, -0.0158139, 1.04525e+14, 1.95087e+13
0.127063, 5.15164e+20, 1.99913, 2433.96, -3214.44, 2.12, -0.0158752, 1.04889e+14, 1.97418e+13
0.127251, 5.15148e+20, 1.99913, 2433.35, -3224.63, 2.12, -0.0159221, 1.05156e+14, 1.96404e+13
0.127439, 5.15128e+20, 1.99913, 2432.74, -3238.79, 2.12, -0.0159886, 1.05552e+14, 2.00314e+13
0.127627, 5.15105e+20, 1.99913, 2432.13, -3259.43, 2.12, -0.0160872, 1.06158e+14, 1.96484e+13
0.127814, 5.1508e+20, 1.99913, 2431.52, -3286.55, 2.12, -0.0162178, 1.06974e+14, 1.99439e+13
0.128002, 5.15052e+20, 1.99913, 2430.9, -3318.09, 2.12, -0.0163701, 1.07931e+14, 1.99087e+13
0.12819, 5.15022e+20, 1.99913, 2430.27, -3348.62, 2.12, -0.0165174, 1.08854e+14, 1.96753e+13
0.128378, 5.1499e+20, 1.99913, 2429.64, -3377.87, 2.12, -0.0166584, 1.09734e+14, 2.05586e+13
0.128566, 5.14956e+20, 1.99913, 2429, -3405.89, 2.12, -0.0167933, 1.10571e+14, 1.97155e+13
0.128754, 5.1492e+20, 1.99913, 2428.36, -3434.04, 2.12, -0.0169288, 1.11411e+14, 2.00632e+13
0.128942, 5.14881e+20, 1.99913, 2427.71, -3463.02, 2.12, -0.0170684, 1.12277e+14, 2.01998e+13
0.12913, 5.14841e+20, 1.99913, 2427.06, -3492.83, 2.12, -0.017212, 1.13167e+14, 1.98197e+13
0.129318, 5.14798e+20, 1.99913, 2426.4, -3523.37, 2.12, -0.0173593, 1.14079e+14, 2.09932e+13
0.129506, 5.14754e+20, 1.99913, 2425.73, -3554.25, 2.12, -0.0175081, 1.15e+14, 1.98931e+13
0.129694, 5.14708e+20, 1.99913, 2425.06, -3585.41, 2.12, -0.0176583, 1.15928e+14, 2.03041e+13
0.129882, 5.1466e+20, 1.99913, 2424.38, -3616.87, 2.12, -0.0178099, 1.16864e+14, 2.0422e+13
0.13007, 5.14611e+20, 1.99913, 2423.7, -3648.73, 2.12, -0.0179634, 1.1781e+14, 1.98616e+13
0.130258, 5.1456e+20, 1.99913, 2423.01, -3681.04, 2.12, -0.0181192, 1.18769e+14, 2.1404e+13
0.130446, 5.14507e+20, 1.99913, 2422.32, -3713.83, 2.12, -0.0182772, 1.19741e+14, 2.00619e+13
0.130634, 5.14453e+20, 1.99913, 2421.62, -3747.08, 2.12, -0.0184374, 1.20725e+14, 2.05047e+13
0.130822, 5.14398e+20, 1.99913, 2420.91, -3780.78, 2.12, -0.0185998, 1.21722e+14, 2.06714e+13
0.13101, 5.14341e+20, 1.99913, 2420.19, -3814.93, 2.12, -0.0187644, 1.22731e+14, 2.01252e+13
0.131198, 5.14283e+20, 1.99913, 2419.47, -3849.53, 2.12, -0.018931, 1.23752e+14, 2.15623e+13
0.131386, 5.14224e+20, 1.99913, 2418.75, -3884.6, 2.12, -0.0191, 1.24786e+14, 2.03275e+13
0.131574, 5.14163e+20, 1.99913, 2418.01, -3920.17, 2.12, -0.0192713, 1.25833e+14, 2.07164e+13
0.131762, 5.14102e+20, 1.99913, 2417.27, -3956.22, 2.12, -0.0194449, 1.26893e+14, 2.08866e+13
0.13195, 5.1404e+20, 1.99913, 2416.53, -3992.75, 2.12, -0.0196207, 1.27966e+14, 2.03917e+13
0.132138, 5.13976e+20, 1.99913, 2415.77, -4029.79, 2.12, -0.019799, 1.29052e+14, 2.16149e+13
0.132326, 5.13912e+20, 1.99913, 2415.01, -4067.35, 2.12, -0.0199797, 1.30152e+14, 2.06751e+13
0.132514, 5.13847e+20, 1.99913, 2414.24, -4105.41, 2.12, -0.0201628, 1.31266e+14, 2.09883e+13
0.132701, 5.13782e+20, 1.99913, 2413.47, -4144.01, 2.12, -0.0203485, 1.32394e+14, 2.11864e+13
0.132889, 5.13715e+20, 1.99913, 2412.69, -4183.14, 2.12, -0.0205366, 1.33536e+14, 2.07718e+13
0.133077, 5.13648e+20, 1.99913, 2411.9, -4222.83, 2.12, -0.0207274, 1.34692e+14, 2.1809e+13
0.133265, 5.13581e+20, 1.99913, 2411.1, -4263.06, 2.12, -0.0209207, 1.35863e+14, 2.09156e+13
0.133453, 5.13513e+20, 1.99913, 2410.29, -4303.86, 2.12, -0.0211166, 1.37049e+14, 2.13968e+13
0.133641, 5.13445e+20, 1.99913, 2409.48, -4345.24, 2.12, -0.0213153, 1.3825e+14, 2.13282e+13
0.133829, 5.13376e+20, 1.99913, 2408.66, -4387.2, 2.12, -0.0215167, 1.39466e+14, 2.08863e+13
0.134017, 5.13307e+20, 1.99913, 2407.83, -4429.74, 2.12, -0.0217208, 1.40698e+14, 2.22811e+13
0.134205, 5.13238e+20, 1.99913, 2406.99, -4472.91, 2.12, -0.0219277, 1.41945e+14, 2.09515e+13
0.134393, 5.13169e+20, 1.99913, 2406.15, -4516.69, 2.12, -0.0221376, 1.43209e+14, 2.16663e+13
0.134581, 5.131e+20, 1.99913, 2405.3, -4561.09, 2.12, -0.0223503, 1.44488e+14, 2.17717e+13
0.134769, 5.13031e+20, 1.99913, 2404.43, -4606.14, 2.12, -0.022566, 1.45785e+14, 2.06909e+13
0.134957, 5.12962e+20, 1.99913, 2403.56, -4651.84, 2.12, -0.0227847, 1.47098e+14, 2.34807e+13
0.135145, 5.12893e+20, 1.99913, 2402.69, -4698.2, 2.12, -0.0230064, 1.48428e+14, 2.05541e+13
0.135333, 5.12824e+20, 1.99913, 2401.8, -4745.25, 2.12, -0.0232314, 1.49776e+14, 2.19793e+13
0.135521, 5.12756e+20, 1.99913, 2400.9, -4792.97, 2.12, -0.0234594, 1.51142e+14, 2.21163e+13
0.135709, 5.12688e+20, 1.99913, 2400, -4841.4, 2.12, -0.0236906, 1.52525e+14, 1.97489e+13
0.135897, 5.1262e+20, 1.99913, 2399.08, -4890.53, 2.12, -0.0239251, 1.53926e+14, 2.50221e+13
0.136085, 5.12553e+20, 1.99913, 2398.16, -4940.39, 2.12, -0.0241628, 1.55345e+14, 2.07988e+13
0.136273, 5.12487e+20, 1.99913, 2397.22, -4990.99, 2.12, -0.024404, 1.56784e+14, 2.08434e+13
0.136461, 5.12421e+20, 1.99913, 2396.28, -5042.35, 2.12, -0.0246486, 1.58241e+14, 2.45696e+13
0.136649, 5.12355e+20, 1.99913, 2395.33, -5094.46, 2.12, -0.0248966, 1.59718e+14, 2.03795e+13
0.136837, 5.12291e+20, 1.99913, 2394.37, -5147.36, 2.12, -0.0251482, 1.61214e+14, 2.53947e+13
0.137025, 5.12227e+20, 1.99913, 2393.39, -5201.07, 2.12, -0.0254034, 1.62731e+14, 1.99216e+13
0.137213, 5.12165e+20, 1.99913, 2392.41, -5255.57, 2.12, -0.0256622, 1.64268e+14, 2.19058e+13
0.137401, 5.12103e+20, 1.99913, 2391.42, -5310.91, 2.12, -0.0259248, 1.65825e+14, 2.32512e+13
0.137589, 5.12042e+20, 1.99913, 2390.41, -5367.11, 2.12, -0.0261912, 1.67404e+14, 1.9333e+13
0.137776, 5.11982e+20, 1.99913, 2389.4, -5424.17, 2.12, -0.0264615, 1.69004e+14, 2.78228e+13
0.137964, 5.11924e+20, 1.99913, 2388.38, -5482.09, 2.12, -0.0267357, 1.70626e+14, 1.95388e+13
0.138152, 5.11867e+20, 1.99913, 2387.34, -5540.92, 2.12, -0.0270139, 1.7227e+14, 2.15812e+13
0.13834, 5.11811e+20, 1.99913, 2386.29, -5600.68, 2.12, -0.0272962, 1.73937e+14, 2.3097e+13
0.138528, 5.11756e+20, 1.99913, 2385.23, -5661.35, 2.12, -0.0275826, 1.75627e+14, 1.80358e+13
0.138716, 5.11703e+20, 1.99913, 2384.16, -5722.97, 2.12, -0.0278733, 1.77339e+14, 2.93358e+13
0.138904, 5.11651e+20, 1.99913, 2383.08, -5785.62, 2.12, -0.0281685, 1.79077e+14, 1.92203e+13
0.139092, 5.11601e+20, 1.99913, 2381.99, -5849.24, 2.12, -0.0284679, 1.80839e+14, 2.12342e+13
0.13928, 5.11552e+20, 1.99913, 2380.88, -5913.85, 2.12, -0.0287717, 1.82624e+14, 2.45881e+13
0.139468, 5.11506e+20, 1.99913, 2379.77, -5979.48, 2.12, -0.0290801, 1.84434e+14, 1.82232e+13
0.139656, 5.11461e+20, 1.99913, 2378.64, -6046.14, 2.12, -0.0293929, 1.86269e+14, 2.97912e+13
0.139844, 5.11418e+20, 1.99913, 2377.49, -6113.82, 2.12, -0.0297101, 1.88128e+14, 1.94945e+13
0.140032, 5.11376e+20, 1.99913, 2376.34, -6182.61, 2.12, -0.0300322, 1.90014e+14, 2.14943e+13
0.14022, 5.11337e+20, 1.99913, 2375.17, -6252.69, 2.12, -0.03036, 1.91931e+14, 2.48516e+13
0.140408, 5.113e+20, 1.99913, 2373.99, -6324.05, 2.12, -0.0306935, 1.9388e+14, 1.91584e+13
0.140596, 5.11265e+20, 1.99913, 2372.79, -6396.67, 2.12, -0.0310324, 1.9586e+14, 2.79185e+13
0.140784, 5.11232e+20, 1.99913, 2371.58, -6470.16, 2.12, -0.031375, 1.97858e+14, 2.12488e+13
0.140972, 5.11201e+20, 1.99913, 2370.36, -6544.32, 2.12, -0.0317202, 1.99868e+14, 2.09507e+13
0.14116, 5.11172e+20, 1.99913, 2369.12, -6619.17, 2.12, -0.032068, 2.0189e+14, 2.40808e+13
0.141348, 5.11146e+20, 1.99913, 2367.87, -6695.36, 2.12, -0.0324216, 2.03944e+14, 2.40554e+13
0.141536, 5.11123e+20, 1.99913, 2366.6, -6774.77, 2.12, -0.0327901, 2.06088e+14, 2.36957e+13
0.141724, 5.11102e+20, 1.99913, 2365.32, -6857.55, 2.12, -0.0331742, 2.08323e+14, 2.3342e+13
0.141912, 5.11083e+20, 1.99913, 2364.03, -6943.58, 2.12, -0.0335732, 2.10648e+14, 2.43174e+13
0.1421, 5.11067e+20, 1.99913, 2362.71, -7026.94, 2.12, -0.0339584, 2.12881e+14, 2.35448e+13
0.142288, 5.11054e+20, 1.99913, 2361.39, -7104.13, 2.12, -0.034313, 2.14917e+14, 2.33701e+13
0.142476, 5.11044e+20, 1.99913, 2360.04, -7175.12, 2.12, -0.0346369, 2.16757e+14, 2.43881e+13
0.142664, 5.11036e+20, 1.99913, 2358.69, -7246.18, 2.12, -0.0349604, 2.18589e+14, 2.3468e+13
0.142851, 5.11032e+20, 1.99913, 2357.32, -7343.49, 2.12, -0.0354096, 2.21203e+14, 2.41009e+13
0.143039, 5.11031e+20, 1.99913, 2355.93, -7470.08, 2.12, -0.0359988, 2.24684e+14, 2.3961e+13
0.143227, 5.11031e+20, 1.99913, 2354.51, -7625.76, 2.12, -0.0367268, 2.29021e+14, 2.31978e+13
0.143415, 5.11034e+20, 1.99913, 2353.06, -7738.13, 2.12, -0.037245, 2.3204e+14, 2.44632e+13
0.143603, 5.11037e+20, 1.99913, 2351.61, -7743.3, 2.12, -0.0372466, 2.31836e+14, 2.38622e+13
0.143791, 5.1104e+20, 1.99913, 2350.14, -7840.53, 2.12, -0.0376906, 2.34382e+14, 2.37008e+13
0.143979, 5.11042e+20, 1.99913, 2348.66, -7942.67, 2.12, -0.0381573, 2.3706e+14, 2.50453e+13
0.144167, 5.11045e+20, 1.99913, 2347.16, -8047.57, 2.12, -0.0386363, 2.39807e+14, 2.43055e+13
0.144355, 5.11047e+20, 1.99913, 2345.63, -8154.39, 2.12, -0.0391236, 2.42596e+14, 2.44219e+13
0.144543, 5.11049e+20, 1.99913, 2344.09, -8263.55, 2.12, -0.0396211, 2.4544e+14, 2.44046e+13
0.144731, 5.11052e+20, 1.99913, 2342.53, -8375.06, 2.12, -0.0401287, 2.48337e+14, 2.46136e+13
0.144919, 5.11054e+20, 1.99913, 2340.94, -8489.23, 2.12, -0.0406481, 2.51297e+14, 2.41179e+13
0.145107, 5.11056e+20, 1.99913, 2339.33, -8605.69, 2.12, -0.0411773, 2.54308e+14, 2.49479e+13
0.145295, 5.11058e+20, 1.99913, 2337.71, -8725.07, 2.12, -0.0417193, 2.57387e+14, 2.45537e+13
0.145483, 5.1106e+20, 1.99913, 2336.05, -8846.84, 2.12, -0.0422715, 2.60518e+14, 2.47957e+13
0.145671, 5.11062e+20, 1.99913, 2334.38, -8971.57, 2.12, -0.0428366, 2.63718e+14, 2.51645e+13
0.145859, 5.11064e+20, 1.99913, 2332.68, -9099.04, 2.12, -0.0434134, 2.66979e+14, 2.39179e+13
0.146047, 5.11065e+20, 1.99913, 2330.96, -9229.43, 2.12, -0.0440029, 2.70305e+14, 2.53012e+13
0.146235, 5.11067e+20, 1.99913, 2329.21, -9362.95, 2.12, -0.0446059, 2.73702e+14, 2.49102e+13
0.146423, 5.11069e+20, 1.99913, 2327.44, -9499.6, 2.12, -0.0452223, 2.77169e+14, 2.50842e+13
0.146611, 5.1107e+20, 1.99913, 2325.64, -9639.62, 2.12, -0.0458533, 2.80711e+14, 2.5562e+13
0.146799, 5.11072e+20, 1.99913, 2323.82, -9782.76, 2.12, -0.0464975, 2.84321e+14, 2.42545e+13
0.146987, 5.11073e+20, 1.99913, 2321.96, -9929.69, 2.12, -0.0471581, 2.88016e+14, 2.56007e+13
0.147175, 5.11074e+20, 1.99913, 2320.08, -10079.8, 2.12, -0.0478321, 2.91779e+14, 2.53211e+13
0.147363, 5.11076e+20, 1.99913, 2318.17, -10233.9, 2.12, -0.0485234, 2.95631e+14, 2.53555e+13
0.147551, 5.11077e+20, 1.99913, 2316.23, -10391.9, 2.12, -0.049231, 2.99567e+14, 2.57825e+13
0.147738, 5.11078e+20, 1.99913, 2314.27, -10553.7, 2.12, -0.0499551, 3.03586e+14, 2.50617e+13
0.147926, 5.11079e+20, 1.99913, 2312.27, -10719.6, 2.12, -0.0506964, 3.07693e+14, 2.57338e+13
0.148114, 5.11081e+20, 1.99913, 2310.24, -10889.8, 2.12, -0.0514558, 3.11891e+14, 2.56997e+13
0.148302, 5.11082e+20, 1.99913, 2308.17, -11064.5, 2.12, -0.0522344, 3.16187e+14, 2.56872e+13
0.14849, 5.11083e+20, 1.99913, 2306.08, -11243.7, 2.12, -0.0530323, 3.20581e+14, 2.58935e+13
0.148678, 5.11084e+20, 1.99913, 2303.95, -11427.6, 2.12, -0.0538497, 3.25071e+14, 2.59479e+13
0.148866, 5.11085e+20, 1.99913, 2301.78, -11616.4, 2.12, -0.0546877, 3.29665e+14, 2.60066e+13
0.149054, 5.11086e+20, 1.99913, 2299.58, -11810.2, 2.12, -0.0555471, 3.34366e+14, 2.61047e+13
0.149242, 5.11087e+20, 1.99913, 2297.34, -12009.4, 2.12, -0.0564289, 3.39179e+14, 2.61052e+13
0.14943, 5.11088e+20, 1.99913, 2295.06, -12214.3, 2.12, -0.0573346, 3.44111e+14, 2.62082e+13
0.149618, 5.11088e+20, 1.99913, 2292.75, -12424.6, 2.12, -0.0582626, 3.49153e+14, 2.6326e+13
0.149806, 5.11089e+20, 1.99913, 2290.39, -12641.1, 2.12, -0.0592171, 3.54326e+14, 2.63918e+13
0.149994, 5.1109e+20, 1.99913, 2288, -12863.6, 2.12, -0.0601963, 3.59621e+14, 2.64499e+13
0.150182, 5.11091e+20, 1.99913, 2285.56, -13092.9, 2.12, -0.0612038, 3.65056e+14, 2.65522e+13
0.15037, 5.11092e+20, 1.99913, 2283.07, -13328.6, 2.12, -0.0622379, 3.7062e+14, 2.66616e+13
0.150558, 5.11092e+20, 1.99913, 2280.55, -13571.3, 2.12, -0.0633008, 3.76324e+14, 2.66839e+13
0.150746, 5.11093e+20, 1.99913, 2277.97, -13821.4, 2.12, -0.0643942, 3.82177e+14, 2.68281e+13
0.150934, 5.11094e+20, 1.99913, 2275.35, -14079.1, 2.12, -0.0655195, 3.88185e+14, 2.67964e+13
0.151122, 5.11095e+20, 1.99913, 2272.68, -14344.5, 2.12, -0.0666761, 3.94342e+14, 2.7018e+13
0.15131, 5.11095e+20, 1.99913, 2269.96, -14618.3, 2.12, -0.0678672, 4.00667e+14, 2.71051e+13
0.151498, 5.11096e+20, 1.99913, 2267.18, -14901.1, 2.12, -0.0690957, 4.07172e+14, 2.70173e+13
0.151686, 5.11097e+20, 1.99913, 2264.35, -15192.4, 2.12, -0.0703583, 4.13837e+14, 2.72875e+13
0.151874, 5.11097e+20, 1.99913, 2261.47, -15493.8, 2.12, -0.0716626, 4.20705e+14, 2.73618e+13
0.152062, 5.11098e+20, 1.99913, 2258.53, -15804.7, 2.12, -0.0730054, 4.27753e+14, 2.73243e+13
0.15225, 5.11099e+20, 1.99913, 2255.53, -16126, 2.12, -0.0743904, 4.35e+14, 2.76227e+13
0.152438, 5.11099e+20, 1.99913, 2252.47, -16458.5, 2.12, -0.0758215, 4.42466e+14, 2.76595e+13
0.152626, 5.111e+20, 1.99913, 2249.34, -16802.2, 2.12, -0.0772972, 4.5014e+14, 2.73154e+13
0.152813, 5.11101e+20, 1.99913, 2246.15, -17158.3, 2.12, -0.0788234, 4.58051e+14, 2.82841e+13
0.153001, 5.11101e+20, 1.99913, 2242.89, -17526.8, 2.12, -0.0803991, 4.66192e+14, 2.74592e+13
0.153189, 5.11102e+20, 1.99913, 2239.56, -17908.8, 2.12, -0.0820292, 4.74586e+14, 2.76933e+13
0.153377, 5.11103e+20, 1.99913, 2236.16, -18304.9, 2.12, -0.0837163, 4.83244e+14, 2.84735e+13
0.153565, 5.11104e+20, 1.99913, 2232.68, -18716.2, 2.12, -0.0854641, 4.92183e+14, 2.74049e+13
0.153753, 5.11104e+20, 1.99913, 2229.12, -19142.8, 2.12, -0.0872725, 5.01397e+14, 2.89062e+13
0.153941, 5.11105e+20, 1.99913, 2225.48, -19586.1, 2.12, -0.0891474, 5.10916e+14, 2.79044e+13
0.154129, 5.11106e+20, 1.99913, 2221.75, -20046.9, 2.12, -0.091092, 5.20751e+14, 2.7639e+13
0.154317, 5.11107e+20, 1.99913, 2217.94, -20526.2, 2.12, -0.0931097, 5.30917e+14, 3.06958e+13
0.154505, 5.11108e+20, 1.99913, 2214.04, -21025.5, 2.12, -0.0952065, 5.41441e+14, 2.81106e+13
0.154693, 5.11108e+20, 1.99913, 2210.04, -21545.4, 2.12, -0.0973844, 5.52328e+14, 2.90089e+13
0.154881, 5.11109e+20, 1.99913, 2205.94, -22087.8, 2.12, -0.0996504, 5.63608e+14, 2.88656e+13
0.155069, 5.1111e+20, 1.99913, 2201.73, -22653.9, 2.12, -0.10201, 5.75304e+14, 2.83362e+13
0.155257, 5.11111e+20, 1.99913, 2197.42, -23245.3, 2.12, -0.104468, 5.87437e+14, 3.05648e+13
0.155445, 5.11112e+20, 1.99913, 2192.99, -23863.9, 2.12, -0.107031, 6.00036e+14, 2.90341e+13
0.155633, 5.11113e+20, 1.99913, 2188.45, -24511.1, 2.12, -0.109706, 6.13121e+14, 2.93617e+13
0.155821, 5.11114e+20, 1.99913, 2183.78, -25189.7, 2.12, -0.112502, 6.26738e+14, 2.95704e+13
0.156009, 5.11115e+20, 1.99913, 2178.97, -25901.5, 2.12, -0.115427, 6.40912e+14, 2.95326e+13
0.156197, 5.11116e+20, 1.99913, 2174.04, -26649.1, 2.12, -0.118489, 6.55682e+14, 2.94086e+13
0.156385, 5.11117e+20, 1.99913, 2168.95, -27435.2, 2.12, -0.121699, 6.71085e+14, 3.07129e+13
0.156573, 5.11119e+20, 1.99913, 2163.72, -28263.5, 2.12, -0.12507, 6.87182e+14, 2.98539e+13
0.156761, 5.1112e+20, 1.99913, 2158.33, -29136.6, 2.12, -0.128612, 7.04004e+14, 3.00597e+13
0.156949, 5.11121e+20, 1.99913, 2152.76, -30059.2, 2.12, -0.132342, 7.21625e+14, 3.13811e+13
0.157137, 5.11123e+20, 1.99913, 2147.02, -31035.6, 2.12, -0.136276, 7.40108e+14, 2.64323e+13
0.157325, 5.11124e+20, 1.99913, 2141.09, -32069.9, 2.12, -0.140428, 7.59502e+14, 3.18626e+13
0.157513, 5.11126e+20, 1.99913, 2134.96, -33168.3, 2.12, -0.144822, 7.79905e+14, 3.02883e+13
0.1577, 5.11127e+20, 1.99913, 2128.62, -34336.8, 2.12, -0.149478, 8.01399e+14, 3.06235e+13
0.157888, 5.11129e+20, 1.99913, 2122.05, -35583.2, 2.12, -0.154426, 8.24096e+14, 3.2616e+13
0.158076, 5.1113e+20, 1.99913, 2115.24, -36915.8, 2.12, -0.159694, 8.48112e+14, 2.59652e+13
0.158264, 5.11132e+20, 1.99913, 2108.17, -38344.1, 2.12, -0.165317, 8.73583e+14, 3.27282e+13
0.158452, 5.11134e+20, 1.99913, 2100.82, -39879.8, 2.12, -0.171339, 9.00673e+14, 3.11848e+13
0.15864, 5.11136e+20, 1.99913, 2093.17, -41536.5, 2.12, -0.177806, 9.29572e+14, 3.06662e+13
0.158828, 5.11138e+20, 1.99913, 2085.19, -43330.6, 2.12, -0.184779, 9.60515e+14, 3.33821e+13
0.159016, 5.11139e+20, 1.99913, 2076.87, -45281.9, 2.12, -0.192328, 9.9378e+14, 2.60942e+13
0.159204, 5.11142e+20, 1.99913, 2068.16, -47414.6, 2.12, -0.200541, 1.02971e+15, 3.22451e+13
0.159392, 5.11144e+20, 1.99913, 2059.03, -49759.8, 2.12, -0.20953, 1.06876e+15, 3.14058e+13
0.15958, 5.11146e+20, 1.99913, 2049.44, -52356.9, 2.12, -0.219438, 1.11149e+15, 3.12621e+13
0.159768, 5.11148e+20, 1.99913, 2039.33, -55258.4, 2.12, -0.230456, 1.15867e+15, 3.29242e+13
0.159956, 5.11151e+20, 1.99913, 2028.64, -58536.5, 2.12, -0.242846, 1.21139e+15, 3.17203e+13
0.160144, 5.11153e+20, 1.99913, 2017.29, -62295.8, 2.12, -0.256995, 1.27123e+15, 3.11421e+13
0.160332, 5.11156e+20, 1.99913, 2005.18, -66698.3, 2.12, -0.273504, 1.34074e+15, 3.17547e+13
0.16052, 5.11158e+20, 1.99913, 1992.16, -72023.4, 2.12, -0.293421, 1.42439e+15, 3.18898e+13
0.160708, 5.11163e+20, 1.99917, 1978.01, -78873.8, 2.12, -0.319042, 1.5323e+15, 3.15782e+13
0.160896, 5.12129e+20, 2.01977, 1962.19, -91282.4, 2.12, -0.364342, 1.73047e+15, 3.18482e+13
0.161084, 5.19389e+20, 2.17373, 1943.66, -105570, 2.12, -0.401449, 1.89286e+15, 3.24895e+13
0.161272, 5.33598e+20, 2.47184, 1922.67, -117323, 2.12, -0.410714, 1.93231e+15, 3.43038e+13
0.16146, 5.5455e+20, 2.90634, 1899.76, -125940, 2.12, -0.395169, 1.86491e+15, 3.62891e+13
0.161648, 5.82036e+20, 3.46946, 1875.53, -131268, 2.12, -0.362203, 1.72262e+15, 3.91546e+13
0.161836, 6.15851e+20, 4.1534, 1850.6, -133541, 2.12, -0.320001, 1.53945e+15, 4.18942e+13
0.162024, 6.55786e+20, 4.95039, 1825.49, -133258, 2.12, -0.275286, 1.34338e+15, 4.43109e+13
0.162212, 7.01633e+20, 5.85263, 1800.63, -131056, 2.12, -0.232588, 1.15378e+15, 4.73099e+13
0.1624, 7.53185e+20, 6.85235, 1776.3, -127617, 2.12, -0.194432, 9.82041e+14, 5.00369e+13
0.162588, 8.10235e+20, 7.94176, 1752.69, -123580, 2.12, -0.161836, 8.33284e+14, 5.28346e+13
0.162775, 8.72578e+20, 9.11312, 1729.85, -119495, 2.12, -0.134852, 7.08459e+14, 5.52566e+13
0.162963, 9.40003e+20, 10.3586, 1707.74, -115794, 2.12, -0.112996, 6.06046e+14, 5.83722e+13
0.163151, 1.0123e+21, 11.6704, 1686.27, -112789, 2.12, -0.0955509, 5.23329e+14, 6.0634e+13
0.163339, 1.08927e+21, 13.0407, 1665.29, -110686, 2.12, -0.0817518, 4.57209e+14, 6.32521e+13
0.163527, 1.1707e+21, 14.4618, 1644.6, -109604, 2.12, -0.0708854, 4.04674e+14, 6.51239e+13
0.163715, 1.25638e+21, 15.9259, 1624.02, -109593, 2.12, -0.0623339, 3.63024e+14, 6.72676e+13
0.163903, 1.3461e+21, 17.4252, 1603.33, -110657, 2.12, -0.0555859, 3.29954e+14, 6.92383e+13
0.164091, 1.43966e+21, 18.9519, 1582.35, -112764, 2.12, -0.0502304, 3.03558e+14, 7.11836e+13
0.164279, 1.53685e+21, 20.4982, 1560.88, -115862, 2.12, -0.0459435, 2.82288e+14, 7.3136e+13
0.164467, 1.63746e+21, 22.0564, 1538.74, -119890, 2.12, -0.0424744, 2.64909e+14, 7.49683e+13
0.164655, 1.74129e+21, 23.6186, 1515.76, -124771, 2.12, -0.0396266, 2.50426e+14, 7.67832e+13
0.164843, 1.84813e+21, 25.177, 1491.78, -130431, 2.12, -0.0372512, 2.38064e+14, 7.85441e+13
0.165031, 1.95776e+21, 26.724, 1466.68, -136793, 2.12, -0.0352337, 2.2721e+14, 8.01716e+13
0.165219, 2.06999e+21, 28.2517, 1440.32, -143780, 2.12, -0.0334858, 2.1738e+14, 8.17581e+13
0.165407, 2.1846e+21, 29.7523, 1412.6, -151313, 2.12, -0.0319395, 2.08198e+14, 8.31705e+13
0.165595, 2.30139e+21, 31.218, 1383.41, -159311, 2.12, -0.0305424, 1.99371e+14, 8.45045e+13
0.165783, 2.42015e+21, 32.6411, 1352.69, -167692, 2.12, -0.0292535, 1.90673e+14, 8.57501e+13
0.165971, 2.54067e+21, 34.0138, 1320.35, -176370, 2.12, -0.028041, 1.81937e+14, 8.67991e+13
0.166159, 2.66274e+21, 35.3282, 1286.37, -185253, 2.12, -0.0268799, 1.73042e+14, 8.77276e+13
0.166347, 2.78617e+21, 36.5766, 1250.71, -194244, 2.12, -0.0257503, 1.63908e+14, 8.84051e+13
0.166535, 2.91073e+21, 37.7512, 1213.35, -203235, 2.12, -0.0246369, 1.54492e+14, 8.88985e+13
0.166723, 3.03622e+21, 38.8443, 1174.31, -212109, 2.12, -0.0235273, 1.44781e+14, 8.91627e+13
0.166911, 3.16244e+21, 39.8479, 1133.63, -220735, 2.12, -0.022412, 1.34792e+14, 8.91224e+13
0.167099, 3.28917e+21, 40.7544, 1091.36, -228966, 2.12, -0.0212836, 1.24566e+14, 8.87924e+13
0.167287, 3.41622e+21, 41.556, 1047.59, -236634, 2.12, -0.0201366, 1.14167e+14, 8.81142e+13
0.167475, 3.54336e+21, 42.2449, 1002.45, -243545, 2.12, -0.0189672, 1.03679e+14, 8.70892e+13
0.167663, 3.6704e+21, 42.8133, 956.094, -249475, 2.12, -0.0177728, 9.32012e+13, 8.56476e+13
0.16785, 3.79713e+21, 43.2534, 908.74, -254159, 2.12, -0.0165524, 8.28468e+13, 8.38204e+13
0.168038, 3.92334e+21, 43.5574, 860.647, -257284, 2.12, -0.0153062, 7.27371e+13, 8.15406e+13
0.168226, 4.04881e+21, 43.7176, 812.142, -258481, 2.12, -0.0140359, 6.29978e+13, 7.89023e+13
0.168414, 4.17336e+21, 43.7262, 763.626, -257317, 2.12, -0.0127447, 5.37539e+13, 7.58292e+13
0.168602, 4.29675e+21, 43.5753, 715.588, -253306, 2.12, -0.0114384, 4.51254e+13, 7.23e+13
0.16879, 4.4188e+21, 43.2573, 668.612, -245926, 2.12, -0.0101258, 3.722e+13, 6.84959e+13
0.168978, 4.53929e+21, 42.7642, 623.379, -234691, 2.12, -0.00881955, 3.01283e+13, 6.43422e+13
0.169166, 4.65801e+21, 42.0884, 580.646, -219285, 2.12, -0.00753851, 2.39178e+13, 6.00532e+13
0.169354, 4.77476e+21, 41.222, 541.199, -199787, 2.12, -0.00630881, 1.86273e+13, 5.57449e+13
0.169542, 4.88932e+21, 40.1566, 505.748, -176933, 2.12, -0.00516442, 1.4263e+13, 5.11453e+13
0.16973, 5.0057e+21, 39.0541, 474.7, -153400, 2.12, -0.00416103, 1.08253e+13, 4.69752e+13
0.169918, 5.14523e+21, 38.7898, 447.767, -134590, 2.12, -0.0033614, 8.25834e+12, 4.29467e+13
0.170106, 5.28563e+21, 38.3738, 424.709, -109050, 2.12, -0.00252792, 5.92046e+12, 3.91512e+13
0.170294, 5.39635e+21, 38.0289, 406.256, -88425.1, 2.12, -0.00192898, 4.33143e+12, 3.56971e+13
0.170482, 5.44917e+21, 37.8589, 391.278, -71546.4, 2.12, -0.00149191, 3.20348e+12, 3.26227e+13
0.17067, 5.4716e+21, 37.7828, 379.093, -58739.3, 2.12, -0.001183, 2.43448e+12, 2.99309e+13
0.170858, 5.4819e+21, 37.7555, 369.038, -48637.3, 2.12, -0.000952112, 1.88601e+12, 2.759e+13
0.171046, 5.4833e+21, 37.7489, 360.685, -40562.1, 2.12, -0.00077593, 1.48562e+12, 2.5522e+13
0.171234, 5.47144e+21, 37.7577, 353.685, -34134.3, 2.12, -0.000641613, 1.19017e+12, 2.37245e+13
0.171422, 5.4327e+21, 37.7804, 347.775, -28991.3, 2.12, -0.000539498, 9.68619e+11, 2.21193e+13
0.17161, 5.3727e+21, 37.8091, 342.671, -25644.5, 2.12, -0.000475289, 8.2514e+11, 2.07212e+13
0.171798, 5.32565e+21, 37.8275, 338.036, -23757.1, 2.12, -0.000438087, 7.38499e+11, 1.94839e+13
0.171986, 5.30791e+21, 37.8271, 333.722, -22198.7, 2.12, -0.000405476, 6.68252e+11, 1.83699e+13
0.172174, 5.3226e+21, 37.8066, 329.689, -20654.1, 2.12, -0.000371775, 6.03442e+11, 1.7354e+13
0.172362, 5.35883e+21, 37.7787, 325.976, -18802.7, 2.12, -0.000332496, 5.34371e+11, 1.64227e+13
0.17255, 5.40166e+21, 37.7578, 322.628, -16834.5, 2.12, -0.000292377, 4.6648e+11, 1.5546e+13
0.172737, 5.43645e+21, 37.7459, 319.641, -14965.7, 2.12, -0.000255905, 4.05279e+11, 1.47328e+13
0.172925, 5.45084e+21, 37.7421, 316.991, -13292.3, 2.12, -0.000224821, 3.52578e+11, 1.39783e+13
0.173113, 5.44716e+21, 37.7444, 314.621, -11992.3, 2.12, -0.000201448, 3.12167e+11, 1.32772e+13
0.173301, 5.4338e+21, 37.7509, 312.46, -11040.7, 2.12, -0.000184626, 2.82443e+11, 1.26305e+13
0.173489, 5.41704e+21, 37.7589, 310.461, -10259.1, 2.12, -0.000170968, 2.58219e+11, 1.20318e+13
0.173677, 5.40096e+21, 37.7657, 308.595, -9616.9, 2.12, -0.000159763, 2.38396e+11, 1.14759e+13
0.173865, 5.389e+21, 37.7687, 306.84, -9060.76, 2.12, -0.000149994, 2.21414e+11, 1.09569e+13
0.174053, 5.3818e+21, 37.7683, 305.188, -8522.57, 2.12, -0.000140513, 2.05472e+11, 1.04715e+13
0.174241, 5.37916e+21, 37.7656, 303.635, -8001.95, 2.12, -0.000131327, 1.90488e+11, 1.00168e+13
0.174429, 5.38069e+21, 37.7615, 302.178, -7504.25, 2.12, -0.00012254, 1.76523e+11, 9.58795e+12
0.174617, 5.38545e+21, 37.7563, 300.812, -7033.07, 2.12, -0.000114233, 1.63596e+11, 9.18436e+12
0.174805, 5.39242e+21, 37.7505, 299.533, -6588.42, 2.12, -0.000106426, 1.5165e+11, 8.80232e+12
0.174993, 5.40062e+21, 37.7442, 298.334, -6169.99, 2.12, -9.91256e-05, 1.40623e+11, 8.4412e+12
0.175181, 5.40926e+21, 37.7378, 297.212, -5777.47, 2.12, -9.23301e-05, 1.30462e+11, 8.09959e+12
0.175369, 5.41762e+21, 37.7317, 296.16, -5410.78, 2.12, -8.60381e-05, 1.21122e+11, 7.77527e+12
0.175557, 5.42498e+21, 37.7261, 295.176, -5070.62, 2.12, -8.02579e-05, 1.12582e+11, 7.46773e+12
0.175745, 5.43122e+21, 37.721, 294.252, -4759.41, 2.12, -7.50151e-05, 1.0486e+11, 7.17554e+12
0.175933, 5.43668e+21, 37.7164, 293.385, -4477.32, 2.12, -7.02944e-05, 9.79307e+10, 6.89787e+12
0.176121, 5.4417e+21, 37.7119, 292.567, -4224.34, 2.12, -6.60806e-05, 9.1765e+10, 6.63403e+12
0.176309, 5.44658e+21, 37.7074, 291.795, -3994.72, 2.12, -6.22715e-05, 8.62148e+10, 6.38287e+12
0.176497, 5.45141e+21, 37.7029, 291.065, -3778.2, 2.12, -5.87002e-05, 8.10413e+10, 6.14355e+12
0.176685, 5.45621e+21, 37.6984, 290.374, -3574.55, 2.12, -5.53589e-05, 7.62273e+10, 5.91515e+12
0.176873, 5.46096e+21, 37.6938, 289.72, -3383.77, 2.12, -5.22439e-05, 7.17613e+10, 5.69694e+12
0.177061, 5.46567e+21, 37.6894, 289.101, -3204.73, 2.12, -4.93342e-05, 6.7609e+10, 5.48895e+12
0.177249, 5.47012e+21, 37.6851, 288.515, -3034.48, 2.12, -4.65833e-05, 6.36999e+10, 5.28982e+12
0.177437, 5.47404e+21, 37.681, 287.96, -2872.88, 2.12, -4.39884e-05, 6.00237e+10, 5.09935e+12
0.177625, 5.47712e+21, 37.6775, 287.435, -2719.91, 2.12, -4.15488e-05, 5.65737e+10, 4.91687e+12
0.177812, 5.47907e+21, 37.6745, 286.937, -2575.74, 2.12, -3.92658e-05, 5.33471e+10, 4.74202e+12
0.178, 5.47983e+21, 37.6722, 286.465, -2443.51, 2.12, -3.71848e-05, 5.04037e+10, 4.57467e+12
0.178188, 5.47978e+21, 37.6702, 286.018, -2324.56, 2.12, -3.53205e-05, 4.77651e+10, 4.41425e+12
0.178376, 5.47936e+21, 37.6684, 285.591, -2218.89, 2.12, -3.3668e-05, 4.54259e+10, 4.26044e+12
0.178564, 5.479e+21, 37.6664, 285.183, -2126.5, 2.12, -3.2223e-05, 4.33811e+10, 4.11291e+12
0.178752, 5.47913e+21, 37.664, 284.791, -2046.88, 2.12, -3.09741e-05, 4.16158e+10, 3.97117e+12
0.17894, 5.48017e+21, 37.661, 284.413, -1973.63, 2.12, -2.98216e-05, 3.99966e+10, 3.83504e+12
0.179128, 5.48253e+21, 37.6573, 284.048, -1904.77, 2.12, -2.87331e-05, 3.8481e+10, 3.70409e+12
0.179316, 5.4866e+21, 37.6526, 283.696, -1840.36, 2.12, -2.77083e-05, 3.7069e+10, 3.57798e+12
0.179504, 5.49278e+21, 37.6467, 283.356, -1780.37, 2.12, -2.67449e-05, 3.57583e+10, 3.4564e+12
0.179692, 5.50146e+21, 37.6397, 283.027, -1724.8, 2.12, -2.58414e-05, 3.45474e+10, 3.33896e+12
0.17988, 5.51294e+21, 37.6313, 282.708, -1671.58, 2.12, -2.49665e-05, 3.33939e+10, 3.22577e+12
0.180068, 5.52701e+21, 37.6217, 282.399, -1618.46, 2.12, -2.40881e-05, 3.22517e+10, 3.11617e+12
0.180256, 5.54336e+21, 37.6111, 282.099, -1565.42, 2.12, -2.32086e-05, 3.11202e+10, 3.0101e+12
0.180444, 5.56165e+21, 37.5996, 281.81, -1512.47, 2.12, -2.23303e-05, 2.99989e+10, 2.90724e+12
0.180632, 5.58156e+21, 37.5874, 281.531, -1459.61, 2.12, -2.1455e-05, 2.88871e+10, 2.8074e+12
0.18082, 5.60277e+21, 37.5747, 281.261, -1406.94, 2.12, -2.05862e-05, 2.77867e+10, 2.71058e+12
0.181008, 5.62519e+21, 37.5615, 281.002, -1358.62, 2.12, -1.97851e-05, 2.6779e+10, 2.61662e+12
0.181196, 5.64932e+21, 37.5477, 280.75, -1316.86, 2.12, -1.90814e-05, 2.59065e+10, 2.52532e+12
0.181384, 5.67576e+21, 37.5328, 280.506, -1281.66, 2.12, -1.84723e-05, 2.51684e+10, 2.43664e+12
0.181572, 5.70509e+21, 37.5166, 280.268, -1253.03, 2.12, -1.79553e-05, 2.45635e+10, 2.35024e+12
0.18176, 5.7379e+21, 37.4989, 280.035, -1230.96, 2.12, -1.75277e-05, 2.4091e+10, 2.26634e+12
0.181948, 5.77477e+21, 37.4793, 279.805, -1215.45, 2.12, -1.71866e-05, 2.37499e+10, 2.18454e+12
0.182136, 5.81619e+21, 37.4575, 279.578, -1202.15, 2.12, -1.68686e-05, 2.34548e+10, 2.10463e+12
0.182324, 5.86216e+21, 37.4337, 279.353, -1186.61, 2.12, -1.65118e-05, 2.31184e+10, 2.02647e+12
0.182512, 5.91257e+21, 37.408, 279.132, -1168.82, 2.12, -1.61181e-05, 2.27407e+10, 1.94976e+12
0.1827, 5.96733e+21, 37.3805, 278.914, -1148.75, 2.12, -1.56894e-05, 2.23217e+10, 1.87478e+12
0.182887, 6.02633e+21, 37.3514, 278.7, -1126.45, 2.12, -1.52283e-05, 2.18617e+10, 1.80105e+12
0.183075, 6.08946e+21, 37.3207, 278.49, -1101.89, 2.12, -1.47366e-05, 2.13608e+10, 1.72853e+12
0.183263, 6.15662e+21, 37.2887, 278.286, -1075.76, 2.12, -1.42257e-05, 2.08321e+10, 1.65722e+12
0.183451, 6.22762e+21, 37.2554, 278.086, -1051.38, 2.12, -1.37409e-05, 2.034e+10, 1.58688e+12
0.183639, 6.30224e+21, 37.2209, 277.89, -1029.23, 2.12, -1.32888e-05, 1.98931e+10, 1.51776e+12
0.183827, 6.38022e+21, 37.1854, 277.699, -1009.29, 2.12, -1.28692e-05, 1.9491e+10, 1.44954e+12
0.184015, 6.46133e+21, 37.1489, 277.511, -991.579, 2.12, -1.24822e-05, 1.91335e+10, 1.38221e+12
0.184203, 6.54532e+21, 37.1115, 277.326, -976.084, 2.12, -1.21273e-05, 1.88203e+10, 1.31568e+12
0.184391, 6.63196e+21, 37.0734, 277.144, -962.805, 2.12, -1.18042e-05, 1.85511e+10, 1.24978e+12
0.184579, 6.72089e+21, 37.0346, 276.964, -949.496, 2.12, -1.14854e-05, 1.82823e+10, 1.18473e+12
0.184767, 6.81127e+21, 36.9956, 276.787, -933.955, 2.12, -1.11461e-05, 1.79714e+10, 1.12013e+12
0.184955, 6.90215e+21, 36.9566, 276.613, -916.178, 2.12, -1.07887e-05, 1.76185e+10, 1.05601e+12
0.185143, 6.99258e+21, 36.918, 276.443, -896.165, 2.12, -1.04155e-05, 1.72234e+10, 9.92351e+11
0.185331, 7.08161e+21, 36.8802, 276.276, -873.916, 2.12, -1.00282e-05, 1.67861e+10, 9.29068e+11
0.185519, 7.16829e+21, 36.8436, 276.114, -849.432, 2.12, -9.62835e-06, 1.63065e+10, 8.6616e+11
0.185707, 7.25169e+21, 36.8084, 275.957, -822.956, 2.12, -9.22e-06, 1.57894e+10, 8.03644e+11
0.185895, 7.33131e+21, 36.7749, 275.805, -796.223, 2.12, -8.82266e-06, 1.5268e+10, 7.41419e+11
0.186083, 7.4072e+21, 36.7429, 275.658, -769.584, 2.12, -8.43917e-06, 1.47491e+10, 6.79547e+11
0.186271, 7.47941e+21, 36.7126, 275.516, -743.038, 2.12, -8.0685e-06, 1.42326e+10, 6.17985e+11
0.186459, 7.54799e+21, 36.6837, 275.378, -716.569, 2.12, -7.70949e-06, 1.37183e+10, 5.56606e+11
0.186647, 7.613e+21, 36.6562, 275.246, -690.21, 2.12, -7.36163e-06, 1.32068e+10, 4.95543e+11
0.186835, 7.67448e+21, 36.6301, 275.119, -663.943, 2.12, -7.02393e-06, 1.26976e+10, 4.34638e+11
0.187023, 7.73251e+21, 36.6054, 274.997, -637.77, 2.12, -6.69563e-06, 1.2191e+10, 3.73858e+11
0.187211, 7.78712e+21, 36.5819, 274.879, -611.689, 2.12, -6.37606e-06, 1.16868e+10, 3.13148e+11
0.187399, 7.83838e+21, 36.5596, 274.767, -585.702, 2.12, -6.06457e-06, 1.1185e+10, 2.52415e+11
0.187587, 7.88635e+21, 36.5385, 274.659, -559.809, 2.12, -5.76056e-06, 1.06856e+10, 1.91636e+11
0.187774, 7.93107e+21, 36.5184, 274.556, -534.008, 2.12, -5.4635e-06, 1.01886e+10, 1.30606e+11
